0.498	0.5	0	0	0.02	10
0.491779	0.550033	0	0	0.02	10
0.473509	0.596971	0	0	0.02	10
0.444336	0.637916	0	0	0.02	10
0.406094	0.670345	0	0	0.02	10
0.361185	0.692269	0	0	0.02	10
0.312433	0.702361	0	0	0.02	10
0.262899	0.700037	0	0	0.02	10
0.215696	0.685492	0	0	0.02	10
0.17379	0.65969	0	0	0.02	10
0.139815	0.624301	0	0	0.02	10
0.115904	0.581601	0	0	0.02	10
0.103561	0.53432	0	0	0.02	10
0.103561	0.48548	0	0	0.02	10
0.115904	0.438199	0	0	0.02	10
0.139815	0.395499	0	0	0.02	10
0.17379	0.36011	0	0	0.02	10
0.215696	0.334308	0	0	0.02	10
0.262898	0.319763	0	0	0.02	10
0.312433	0.317439	0	0	0.02	10
0.361185	0.327531	0	0	0.02	10
0.406094	0.349455	0	0	0.02	10
0.444336	0.381884	0	0	0.02	10
0.473509	0.422829	0	0	0.02	10
0.491779	0.469767	0	0	0.02	10
0.498	0.5198	0	0	0.02	10
0.491779	0.569833	0	0	0.02	10
0.473509	0.616771	0	0	0.02	10
0.444336	0.657716	0	0	0.02	10
0.406094	0.690145	0	0	0.02	10
0.361185	0.712069	0	0	0.02	10
0.312433	0.722161	0	0	0.02	10
0.262899	0.719837	0	0	0.02	10
0.215696	0.705292	0	0	0.02	10
0.17379	0.67949	0	0	0.02	10
0.139815	0.644102	0	0	0.02	10
0.115904	0.601401	0	0	0.02	10
0.103561	0.55412	0	0	0.02	10
0.103561	0.50528	0	0	0.02	10
0.115904	0.457999	0	0	0.02	10
0.139815	0.415299	0	0	0.02	10
0.17379	0.37991	0	0	0.02	10
0.215696	0.354108	0	0	0.02	10
0.262898	0.339563	0	0	0.02	10
0.312432	0.337239	0	0	0.02	10
0.361185	0.347331	0	0	0.02	10
0.406094	0.369255	0	0	0.02	10
0.444336	0.401684	0	0	0.02	10
0.473509	0.442629	0	0	0.02	10
0.491779	0.489567	0	0	0.02	10
0.498	0.5396	0	0	0.02	10
0.491779	0.589633	0	0	0.02	10
0.473509	0.636571	0	0	0.02	10
0.444336	0.677516	0	0	0.02	10
0.406094	0.709945	0	0	0.02	10
0.361185	0.731869	0	0	0.02	10
0.312433	0.741961	0	0	0.02	10
0.262899	0.739637	0	0	0.02	10
0.215696	0.725092	0	0	0.02	10
0.17379	0.69929	0	0	0.02	10
0.139815	0.663902	0	0	0.02	10
0.115904	0.621201	0	0	0.02	10
0.103561	0.57392	0	0	0.02	10
0.103561	0.52508	0	0	0.02	10
0.115904	0.477799	0	0	0.02	10
0.139815	0.435099	0	0	0.02	10
0.17379	0.39971	0	0	0.02	10
0.215696	0.373908	0	0	0.02	10
0.262898	0.359363	0	0	0.02	10
0.312432	0.357039	0	0	0.02	10
0.361185	0.367131	0	0	0.02	10
0.406094	0.389055	0	0	0.02	10
0.444336	0.421484	0	0	0.02	10
0.473509	0.462429	0	0	0.02	10
0.491779	0.509367	0	0	0.02	10
0.498	0.5594	0	0	0.02	10
0.491779	0.609433	0	0	0.02	10
0.473509	0.656371	0	0	0.02	10
0.444336	0.697316	0	0	0.02	10
0.406094	0.729745	0	0	0.02	10
0.361185	0.751669	0	0	0.02	10
0.312433	0.761761	0	0	0.02	10
0.262899	0.759437	0	0	0.02	10
0.215696	0.744892	0	0	0.02	10
0.17379	0.71909	0	0	0.02	10
0.139815	0.683702	0	0	0.02	10
0.115904	0.641001	0	0	0.02	10
0.103561	0.59372	0	0	0.02	10
0.103561	0.54488	0	0	0.02	10
0.115904	0.497599	0	0	0.02	10
0.139815	0.454899	0	0	0.02	10
0.17379	0.41951	0	0	0.02	10
0.215696	0.393708	0	0	0.02	10
0.262898	0.379163	0	0	0.02	10
0.312432	0.376839	0	0	0.02	10
0.361185	0.386931	0	0	0.02	10
0.406094	0.408855	0	0	0.02	10
0.444336	0.441284	0	0	0.02	10
0.473509	0.482229	0	0	0.02	10
0.491779	0.529167	0	0	0.02	10
0.498	0.5792	0	0	0.02	10
0.491779	0.629233	0	0	0.02	10
0.473509	0.676171	0	0	0.02	10
0.444336	0.717116	0	0	0.02	10
0.406094	0.749545	0	0	0.02	10
0.361185	0.771469	0	0	0.02	10
0.312433	0.781561	0	0	0.02	10
0.262899	0.779237	0	0	0.02	10
0.215696	0.764692	0	0	0.02	10
0.17379	0.73889	0	0	0.02	10
0.139815	0.703502	0	0	0.02	10
0.115904	0.660801	0	0	0.02	10
0.103561	0.61352	0	0	0.02	10
0.103561	0.56468	0	0	0.02	10
0.115904	0.517399	0	0	0.02	10
0.139815	0.474699	0	0	0.02	10
0.17379	0.43931	0	0	0.02	10
0.215696	0.413508	0	0	0.02	10
0.262898	0.398963	0	0	0.02	10
0.312432	0.396639	0	0	0.02	10
0.361185	0.406731	0	0	0.02	10
0.406094	0.428655	0	0	0.02	10
0.444336	0.461084	0	0	0.02	10
0.473509	0.502029	0	0	0.02	10
0.491779	0.548967	0	0	0.02	10
0.498	0.599	0	0	0.02	10
0.491779	0.649032	0	0	0.02	10
0.473509	0.695971	0	0	0.02	10
0.444336	0.736916	0	0	0.02	10
0.406094	0.769345	0	0	0.02	10
0.361185	0.791269	0	0	0.02	10
0.312433	0.801361	0	0	0.02	10
0.262899	0.799037	0	0	0.02	10
0.215696	0.784492	0	0	0.02	10
0.17379	0.75869	0	0	0.02	10
0.139815	0.723302	0	0	0.02	10
0.115904	0.680601	0	0	0.02	10
0.103561	0.63332	0	0	0.02	10
0.103561	0.58448	0	0	0.02	10
0.115904	0.537199	0	0	0.02	10
0.139815	0.494499	0	0	0.02	10
0.17379	0.45911	0	0	0.02	10
0.215696	0.433308	0	0	0.02	10
0.262898	0.418763	0	0	0.02	10
0.312432	0.416439	0	0	0.02	10
0.361185	0.426531	0	0	0.02	10
0.406094	0.448455	0	0	0.02	10
0.444336	0.480884	0	0	0.02	10
0.473509	0.521829	0	0	0.02	10
0.491779	0.568767	0	0	0.02	10
0.498	0.6188	0	0	0.02	10
0.491779	0.668832	0	0	0.02	10
0.473509	0.715771	0	0	0.02	10
0.444336	0.756716	0	0	0.02	10
0.406094	0.789145	0	0	0.02	10
0.361185	0.811069	0	0	0.02	10
0.312433	0.821161	0	0	0.02	10
0.262899	0.818837	0	0	0.02	10
0.215696	0.804292	0	0	0.02	10
0.17379	0.77849	0	0	0.02	10
0.139815	0.743102	0	0	0.02	10
0.115904	0.700401	0	0	0.02	10
0.103561	0.65312	0	0	0.02	10
0.103561	0.60428	0	0	0.02	10
0.115904	0.556999	0	0	0.02	10
0.139815	0.514299	0	0	0.02	10
0.17379	0.47891	0	0	0.02	10
0.215696	0.453108	0	0	0.02	10
0.262898	0.438563	0	0	0.02	10
0.312432	0.436239	0	0	0.02	10
0.361185	0.446331	0	0	0.02	10
0.406094	0.468255	0	0	0.02	10
0.444336	0.500684	0	0	0.02	10
0.473509	0.541629	0	0	0.02	10
0.491779	0.588567	0	0	0.02	10
0.498	0.6386	0	0	0.02	10
0.49178	0.688632	0	0	0.02	10
0.473509	0.735571	0	0	0.02	10
0.444336	0.776516	0	0	0.02	10
0.406094	0.808945	0	0	0.02	10
0.361186	0.830869	0	0	0.02	10
0.312433	0.840961	0	0	0.02	10
0.262899	0.838637	0	0	0.02	10
0.215696	0.824092	0	0	0.02	10
0.17379	0.79829	0	0	0.02	10
0.139815	0.762902	0	0	0.02	10
0.115904	0.720201	0	0	0.02	10
0.103561	0.67292	0	0	0.02	10
0.103561	0.62408	0	0	0.02	10
0.115904	0.576799	0	0	0.02	10
0.139815	0.534099	0	0	0.02	10
0.17379	0.49871	0	0	0.02	10
0.215696	0.472908	0	0	0.02	10
0.262898	0.458363	0	0	0.02	10
0.312432	0.456039	0	0	0.02	10
0.361185	0.466131	0	0	0.02	10
0.406094	0.488055	0	0	0.02	10
0.444336	0.520484	0	0	0.02	10
0.473509	0.561429	0	0	0.02	10
0.491779	0.608367	0	0	0.02	10
0.498	0.6584	0	0	0.02	10
0.49178	0.708432	0	0	0.02	10
0.473509	0.755371	0	0	0.02	10
0.444336	0.796316	0	0	0.02	10
0.406094	0.828745	0	0	0.02	10
0.361186	0.850669	0	0	0.02	10
0.312433	0.860761	0	0	0.02	10
0.262899	0.858437	0	0	0.02	10
0.215696	0.843892	0	0	0.02	10
0.17379	0.81809	0	0	0.02	10
0.139815	0.782702	0	0	0.02	10
0.115904	0.740001	0	0	0.02	10
0.103561	0.69272	0	0	0.02	10
0.103561	0.64388	0	0	0.02	10
0.115904	0.5966	0	0	0.02	10
0.139815	0.553899	0	0	0.02	10
0.17379	0.51851	0	0	0.02	10
0.215696	0.492708	0	0	0.02	10
0.262898	0.478163	0	0	0.02	10
0.312432	0.475839	0	0	0.02	10
0.361185	0.485931	0	0	0.02	10
0.406094	0.507855	0	0	0.02	10
0.444336	0.540284	0	0	0.02	10
0.473509	0.581229	0	0	0.02	10
0.491779	0.628167	0	0	0.02	10
0.498	0.6782	0	0	0.02	10
0.49178	0.728232	0	0	0.02	10
0.473509	0.775171	0	0	0.02	10
0.444336	0.816116	0	0	0.02	10
0.406094	0.848545	0	0	0.02	10
0.361186	0.870469	0	0	0.02	10
0.312433	0.880561	0	0	0.02	10
0.262899	0.878237	0	0	0.02	10
0.215696	0.863692	0	0	0.02	10
0.17379	0.83789	0	0	0.02	10
0.139815	0.802502	0	0	0.02	10
0.115904	0.759801	0	0	0.02	10
0.103561	0.71252	0	0	0.02	10
0.103561	0.66368	0	0	0.02	10
0.115904	0.6164	0	0	0.02	10
0.139815	0.573699	0	0	0.02	10
0.17379	0.538311	0	0	0.02	10
0.215696	0.512508	0	0	0.02	10
0.262898	0.497963	0	0	0.02	10
0.312432	0.495639	0	0	0.02	10
0.361185	0.505731	0	0	0.02	10
0.406094	0.527655	0	0	0.02	10
0.444336	0.560084	0	0	0.02	10
0.473509	0.601029	0	0	0.02	10
0.491779	0.647967	0	0	0.02	10
0.498	0.698	0	0	0.02	10
0.49178	0.748032	0	0	0.02	10
0.473509	0.794971	0	0	0.02	10
0.444336	0.835916	0	0	0.02	10
0.406094	0.868345	0	0	0.02	10
0.361186	0.890269	0	0	0.02	10
0.312433	0.900361	0	0	0.02	10
0.262899	0.898037	0	0	0.02	10
0.215696	0.883492	0	0	0.02	10
0.17379	0.85769	0	0	0.02	10
0.139815	0.822302	0	0	0.02	10
0.115904	0.779601	0	0	0.02	10
0.103561	0.73232	0	0	0.02	10
0.103561	0.68348	0	0	0.02	10
0.115904	0.6362	0	0	0.02	10
0.139815	0.593499	0	0	0.02	10
0.17379	0.558111	0	0	0.02	10
0.215695	0.532308	0	0	0.02	10
0.262898	0.517763	0	0	0.02	10
0.312432	0.515439	0	0	0.02	10
0.361185	0.525531	0	0	0.02	10
0.406094	0.547455	0	0	0.02	10
0.444336	0.579884	0	0	0.02	10
0.473509	0.620829	0	0	0.02	10
0.491779	0.667767	0	0	0.02	10
0.498	0.7178	0	0	0.02	10
0.49178	0.767832	0	0	0.02	10
0.473509	0.814771	0	0	0.02	10
0.444336	0.855716	0	0	0.02	10
0.406094	0.888145	0	0	0.02	10
0.361186	0.910069	0	0	0.02	10
0.312433	0.920161	0	0	0.02	10
0.262899	0.917837	0	0	0.02	10
0.215696	0.903292	0	0	0.02	10
0.17379	0.87749	0	0	0.02	10
0.139815	0.842102	0	0	0.02	10
0.115904	0.799401	0	0	0.02	10
0.103561	0.75212	0	0	0.02	10
0.103561	0.70328	0	0	0.02	10
0.115904	0.656	0	0	0.02	10
0.139814	0.613299	0	0	0.02	10
0.17379	0.577911	0	0	0.02	10
0.215695	0.552108	0	0	0.02	10
0.262898	0.537563	0	0	0.02	10
0.312432	0.535239	0	0	0.02	10
0.361185	0.545331	0	0	0.02	10
0.406093	0.567255	0	0	0.02	10
0.444336	0.599683	0	0	0.02	10
0.473509	0.640629	0	0	0.02	10
0.491779	0.687567	0	0	0.02	10
0.498	0.7376	0	0	0.02	10
0.49178	0.787632	0	0	0.02	10
0.473509	0.834571	0	0	0.02	10
0.444336	0.875516	0	0	0.02	10
0.406094	0.907945	0	0	0.02	10
0.361186	0.929869	0	0	0.02	10
0.312433	0.939961	0	0	0.02	10
0.262899	0.937637	0	0	0.02	10
0.215696	0.923092	0	0	0.02	10
0.17379	0.89729	0	0	0.02	10
0.139815	0.861902	0	0	0.02	10
0.115904	0.819201	0	0	0.02	10
0.103561	0.77192	0	0	0.02	10
0.103561	0.72308	0	0	0.02	10
0.115904	0.6758	0	0	0.02	10
0.139814	0.633099	0	0	0.02	10
0.17379	0.597711	0	0	0.02	10
0.215695	0.571908	0	0	0.02	10
0.262898	0.557363	0	0	0.02	10
0.312432	0.555039	0	0	0.02	10
0.361185	0.565131	0	0	0.02	10
0.406093	0.587055	0	0	0.02	10
0.444336	0.619483	0	0	0.02	10
0.473509	0.660429	0	0	0.02	10
0.491779	0.707367	0	0	0.02	10
0.498	0.7574	0	0	0.02	10
0.49178	0.807432	0	0	0.02	10
0.473509	0.854371	0	0	0.02	10
0.444336	0.895316	0	0	0.02	10
0.406094	0.927745	0	0	0.02	10
0.361186	0.949669	0	0	0.02	10
0.312433	0.959761	0	0	0.02	10
0.262899	0.957437	0	0	0.02	10
0.215696	0.942892	0	0	0.02	10
0.17379	0.91709	0	0	0.02	10
0.139815	0.881702	0	0	0.02	10
0.115904	0.839001	0	0	0.02	10
0.103561	0.79172	0	0	0.02	10
0.103561	0.74288	0	0	0.02	10
0.115904	0.6956	0	0	0.02	10
0.139814	0.652899	0	0	0.02	10
0.17379	0.617511	0	0	0.02	10
0.215695	0.591708	0	0	0.02	10
0.262898	0.577163	0	0	0.02	10
0.312432	0.574839	0	0	0.02	10
0.361185	0.584931	0	0	0.02	10
0.406093	0.606855	0	0	0.02	10
0.444336	0.639283	0	0	0.02	10
0.473509	0.680229	0	0	0.02	10
0.491779	0.727167	0	0	0.02	10
0.498	0.7772	0	0	0.02	10
0.49178	0.827232	0	0	0.02	10
0.473509	0.874171	0	0	0.02	10
0.444336	0.915116	0	0	0.02	10
0.406094	0.947545	0	0	0.02	10
0.361186	0.969469	0	0	0.02	10
0.312433	0.979561	0	0	0.02	10
0.262899	0.977237	0	0	0.02	10
0.215696	0.962692	0	0	0.02	10
0.17379	0.93689	0	0	0.02	10
0.139815	0.901502	0	0	0.02	10
0.115904	0.858801	0	0	0.02	10
0.103561	0.81152	0	0	0.02	10
0.103561	0.76268	0	0	0.02	10
0.115904	0.7154	0	0	0.02	10
0.139814	0.672699	0	0	0.02	10
0.17379	0.637311	0	0	0.02	10
0.215695	0.611508	0	0	0.02	10
0.262898	0.596963	0	0	0.02	10
0.312432	0.594639	0	0	0.02	10
0.361185	0.604731	0	0	0.02	10
0.406093	0.626655	0	0	0.02	10
0.444336	0.659083	0	0	0.02	10
0.473509	0.700028	0	0	0.02	10
0.491779	0.746967	0	0	0.02	10
0.498	0.797	0	0	0.02	10
0.49178	0.847032	0	0	0.02	10
0.473509	0.893971	0	0	0.02	10
0.444336	0.934916	0	0	0.02	10
0.406094	0.967345	0	0	0.02	10
0.361186	0.989269	0	0	0.02	10
0.312433	0.999361	0	0	0.02	10
0.262899	0.997037	0	0	0.02	10
0.215696	0.982492	0	0	0.02	10
0.17379	0.95669	0	0	0.02	10
0.139815	0.921302	0	0	0.02	10
0.115904	0.878601	0	0	0.02	10
0.103561	0.83132	0	0	0.02	10
0.103561	0.78248	0	0	0.02	10
0.115904	0.7352	0	0	0.02	10
0.139814	0.692499	0	0	0.02	10
0.17379	0.657111	0	0	0.02	10
0.215695	0.631308	0	0	0.02	10
0.262898	0.616763	0	0	0.02	10
0.312432	0.614439	0	0	0.02	10
0.361185	0.624531	0	0	0.02	10
0.406093	0.646455	0	0	0.02	10
0.444336	0.678883	0	0	0.02	10
0.473509	0.719828	0	0	0.02	10
0.491779	0.766767	0	0	0.02	10
0.498	0.8168	0	0	0.02	10
0.49178	0.866832	0	0	0.02	10
0.473509	0.913771	0	0	0.02	10
0.444336	0.954716	0	0	0.02	10
0.406094	0.987145	0	0	0.02	10
0.361186	1.00907	0	0	0.02	10
0.312433	1.01916	0	0	0.02	10
0.262899	1.01684	0	0	0.02	10
0.215696	1.00229	0	0	0.02	10
0.17379	0.97649	0	0	0.02	10
0.139815	0.941102	0	0	0.02	10
0.115904	0.898401	0	0	0.02	10
0.103561	0.85112	0	0	0.02	10
0.103561	0.80228	0	0	0.02	10
0.115904	0.755	0	0	0.02	10
0.139814	0.712299	0	0	0.02	10
0.17379	0.676911	0	0	0.02	10
0.215695	0.651108	0	0	0.02	10
0.262898	0.636563	0	0	0.02	10
0.312432	0.634239	0	0	0.02	10
0.361185	0.644331	0	0	0.02	10
0.406093	0.666255	0	0	0.02	10
0.444336	0.698683	0	0	0.02	10
0.473509	0.739628	0	0	0.02	10
0.491779	0.786567	0	0	0.02	10
0.498	0.8366	0	0	0.02	10
0.49178	0.886632	0	0	0.02	10
0.473509	0.933571	0	0	0.02	10
0.444336	0.974516	0	0	0.02	10
0.406094	1.00694	0	0	0.02	10
0.361186	1.02887	0	0	0.02	10
0.312433	1.03896	0	0	0.02	10
0.262899	1.03664	0	0	0.02	10
0.215696	1.02209	0	0	0.02	10
0.17379	0.99629	0	0	0.02	10
0.139815	0.960902	0	0	0.02	10
0.115904	0.918201	0	0	0.02	10
0.103561	0.87092	0	0	0.02	10
0.103561	0.82208	0	0	0.02	10
0.115904	0.7748	0	0	0.02	10
0.139814	0.732099	0	0	0.02	10
0.17379	0.696711	0	0	0.02	10
0.215695	0.670908	0	0	0.02	10
0.262898	0.656363	0	0	0.02	10
0.312432	0.654039	0	0	0.02	10
0.361185	0.664131	0	0	0.02	10
0.406093	0.686055	0	0	0.02	10
0.444336	0.718483	0	0	0.02	10
0.473509	0.759428	0	0	0.02	10
0.491779	0.806367	0	0	0.02	10
0.498	0.8564	0	0	0.02	10
0.49178	0.906432	0	0	0.02	10
0.473509	0.953371	0	0	0.02	10
0.444336	0.994316	0	0	0.02	10
0.406094	1.02674	0	0	0.02	10
0.361186	1.04867	0	0	0.02	10
0.312433	1.05876	0	0	0.02	10
0.262899	1.05644	0	0	0.02	10
0.215696	1.04189	0	0	0.02	10
0.17379	1.01609	0	0	0.02	10
0.139815	0.980702	0	0	0.02	10
0.115904	0.938001	0	0	0.02	10
0.103561	0.89072	0	0	0.02	10
0.103561	0.84188	0	0	0.02	10
0.115904	0.7946	0	0	0.02	10
0.139814	0.751899	0	0	0.02	10
0.17379	0.716511	0	0	0.02	10
0.215695	0.690708	0	0	0.02	10
0.262898	0.676163	0	0	0.02	10
0.312432	0.673839	0	0	0.02	10
0.361185	0.683931	0	0	0.02	10
0.406093	0.705855	0	0	0.02	10
0.444336	0.738283	0	0	0.02	10
0.473509	0.779228	0	0	0.02	10
0.491779	0.826167	0	0	0.02	10
0.498	0.8762	0	0	0.02	10
0.49178	0.926232	0	0	0.02	10
0.473509	0.973171	0	0	0.02	10
0.444336	1.01412	0	0	0.02	10
0.406094	1.04654	0	0	0.02	10
0.361186	1.06847	0	0	0.02	10
0.312433	1.07856	0	0	0.02	10
0.262899	1.07624	0	0	0.02	10
0.215696	1.06169	0	0	0.02	10
0.17379	1.03589	0	0	0.02	10
0.139815	1.0005	0	0	0.02	10
0.115904	0.957801	0	0	0.02	10
0.103561	0.91052	0	0	0.02	10
0.103561	0.86168	0	0	0.02	10
0.115904	0.8144	0	0	0.02	10
0.139814	0.771699	0	0	0.02	10
0.17379	0.736311	0	0	0.02	10
0.215695	0.710508	0	0	0.02	10
0.262898	0.695963	0	0	0.02	10
0.312432	0.693639	0	0	0.02	10
0.361185	0.703731	0	0	0.02	10
0.406093	0.725655	0	0	0.02	10
0.444335	0.758083	0	0	0.02	10
0.473509	0.799028	0	0	0.02	10
0.491779	0.845967	0	0	0.02	10
0.498	0.896	0	0	0.02	10
0.49178	0.946032	0	0	0.02	10
0.473509	0.992971	0	0	0.02	10
0.444336	1.03392	0	0	0.02	10
0.406094	1.06634	0	0	0.02	10
0.361186	1.08827	0	0	0.02	10
0.312433	1.09836	0	0	0.02	10
0.262899	1.09604	0	0	0.02	10
0.215696	1.08149	0	0	0.02	10
0.17379	1.05569	0	0	0.02	10
0.139815	1.0203	0	0	0.02	10
0.115904	0.977601	0	0	0.02	10
0.103561	0.93032	0	0	0.02	10
0.103561	0.88148	0	0	0.02	10
0.115904	0.8342	0	0	0.02	10
0.139814	0.791499	0	0	0.02	10
0.17379	0.756111	0	0	0.02	10
0.215695	0.730308	0	0	0.02	10
0.262898	0.715763	0	0	0.02	10
0.312432	0.713439	0	0	0.02	10
0.361185	0.723531	0	0	0.02	10
0.406093	0.745455	0	0	0.02	10
0.444335	0.777883	0	0	0.02	10
0.473509	0.818828	0	0	0.02	10
0.491779	0.865767	0	0	0.02	10
0.498	0.9158	0	0	0.02	10
0.49178	0.965832	0	0	0.02	10
0.473509	1.01277	0	0	0.02	10
0.444336	1.05372	0	0	0.02	10
0.406094	1.08614	0	0	0.02	10
0.361186	1.10807	0	0	0.02	10
0.312433	1.11816	0	0	0.02	10
0.262899	1.11584	0	0	0.02	10
0.215696	1.10129	0	0	0.02	10
0.17379	1.07549	0	0	0.02	10
0.139815	1.0401	0	0	0.02	10
0.115904	0.997401	0	0	0.02	10
0.103561	0.95012	0	0	0.02	10
0.103561	0.90128	0	0	0.02	10
0.115904	0.854	0	0	0.02	10
0.139814	0.811299	0	0	0.02	10
0.17379	0.775911	0	0	0.02	10
0.215695	0.750108	0	0	0.02	10
0.262898	0.735563	0	0	0.02	10
0.312432	0.733239	0	0	0.02	10
0.361185	0.743331	0	0	0.02	10
0.406093	0.765255	0	0	0.02	10
0.444335	0.797683	0	0	0.02	10
0.473508	0.838628	0	0	0.02	10
0.491779	0.885567	0	0	0.02	10
0.498	0.9356	0	0	0.02	10
0.49178	0.985632	0	0	0.02	10
0.473509	1.03257	0	0	0.02	10
0.444336	1.07352	0	0	0.02	10
0.406094	1.10594	0	0	0.02	10
0.361186	1.12787	0	0	0.02	10
0.312433	1.13796	0	0	0.02	10
0.262899	1.13564	0	0	0.02	10
0.215696	1.12109	0	0	0.02	10
0.17379	1.09529	0	0	0.02	10
0.139815	1.0599	0	0	0.02	10
0.115904	1.0172	0	0	0.02	10
0.103561	0.96992	0	0	0.02	10
0.103561	0.92108	0	0	0.02	10
0.115904	0.8738	0	0	0.02	10
0.139814	0.831099	0	0	0.02	10
0.17379	0.795711	0	0	0.02	10
0.215695	0.769908	0	0	0.02	10
0.262898	0.755363	0	0	0.02	10
0.312432	0.753039	0	0	0.02	10
0.361185	0.763131	0	0	0.02	10
0.406093	0.785055	0	0	0.02	10
0.444335	0.817483	0	0	0.02	10
0.473508	0.858428	0	0	0.02	10
0.491779	0.905367	0	0	0.02	10
0.498	0.9554	0	0	0.02	10
0.49178	1.00543	0	0	0.02	10
0.473509	1.05237	0	0	0.02	10
0.444336	1.09332	0	0	0.02	10
0.406094	1.12574	0	0	0.02	10
0.361186	1.14767	0	0	0.02	10
0.312433	1.15776	0	0	0.02	10
0.262899	1.15544	0	0	0.02	10
0.215696	1.14089	0	0	0.02	10
0.17379	1.11509	0	0	0.02	10
0.139815	1.0797	0	0	0.02	10
0.115904	1.037	0	0	0.02	10
0.103561	0.98972	0	0	0.02	10
0.103561	0.940881	0	0	0.02	10
0.115904	0.8936	0	0	0.02	10
0.139814	0.850899	0	0	0.02	10
0.17379	0.815511	0	0	0.02	10
0.215695	0.789708	0	0	0.02	10
0.262898	0.775163	0	0	0.02	10
0.312432	0.772839	0	0	0.02	10
0.361185	0.782931	0	0	0.02	10
0.406093	0.804855	0	0	0.02	10
0.444335	0.837283	0	0	0.02	10
0.473508	0.878228	0	0	0.02	10
0.491779	0.925167	0	0	0.02	10
0.498	0.975199	0	0	0.02	10
0.49178	1.02523	0	0	0.02	10
0.473509	1.07217	0	0	0.02	10
0.444336	1.11312	0	0	0.02	10
0.406094	1.14554	0	0	0.02	10
0.361186	1.16747	0	0	0.02	10
0.312433	1.17756	0	0	0.02	10
0.262899	1.17524	0	0	0.02	10
0.215696	1.16069	0	0	0.02	10
0.17379	1.13489	0	0	0.02	10
0.139815	1.0995	0	0	0.02	10
0.115904	1.0568	0	0	0.02	10
0.103561	1.00952	0	0	0.02	10
0.103561	0.960681	0	0	0.02	10
0.115904	0.9134	0	0	0.02	10
0.139814	0.870699	0	0	0.02	10
0.17379	0.835311	0	0	0.02	10
0.215695	0.809508	0	0	0.02	10
0.262898	0.794963	0	0	0.02	10
0.312432	0.792639	0	0	0.02	10
0.361185	0.802731	0	0	0.02	10
0.406093	0.824655	0	0	0.02	10
0.444335	0.857083	0	0	0.02	10
0.473508	0.898028	0	0	0.02	10
0.491779	0.944967	0	0	0.02	10
0.498	0.994999	0	0	0.02	10
0.49178	1.04503	0	0	0.02	10
0.473509	1.09197	0	0	0.02	10
0.444336	1.13292	0	0	0.02	10
0.406094	1.16534	0	0	0.02	10
0.361186	1.18727	0	0	0.02	10
0.312433	1.19736	0	0	0.02	10
0.262899	1.19504	0	0	0.02	10
0.215696	1.18049	0	0	0.02	10
0.17379	1.15469	0	0	0.02	10
0.139815	1.1193	0	0	0.02	10
0.115904	1.0766	0	0	0.02	10
0.103561	1.02932	0	0	0.02	10
0.103561	0.980481	0	0	0.02	10
0.115904	0.9332	0	0	0.02	10
0.139814	0.890499	0	0	0.02	10
0.17379	0.855111	0	0	0.02	10
0.215695	0.829308	0	0	0.02	10
0.262898	0.814763	0	0	0.02	10
0.312432	0.812439	0	0	0.02	10
0.361185	0.822531	0	0	0.02	10
0.406093	0.844455	0	0	0.02	10
0.444335	0.876883	0	0	0.02	10
0.473508	0.917828	0	0	0.02	10
0.491779	0.964767	0	0	0.02	10
0.498	1.0148	0	0	0.02	10
0.49178	1.06483	0	0	0.02	10
0.473509	1.11177	0	0	0.02	10
0.444336	1.15272	0	0	0.02	10
0.406094	1.18514	0	0	0.02	10
0.361186	1.20707	0	0	0.02	10
0.312433	1.21716	0	0	0.02	10
0.262899	1.21484	0	0	0.02	10
0.215696	1.20029	0	0	0.02	10
0.17379	1.17449	0	0	0.02	10
0.139815	1.1391	0	0	0.02	10
0.115904	1.0964	0	0	0.02	10
0.103561	1.04912	0	0	0.02	10
0.103561	1.00028	0	0	0.02	10
0.115904	0.953	0	0	0.02	10
0.139814	0.910299	0	0	0.02	10
0.17379	0.874911	0	0	0.02	10
0.215695	0.849108	0	0	0.02	10
0.262898	0.834563	0	0	0.02	10
0.312432	0.832239	0	0	0.02	10
0.361185	0.842331	0	0	0.02	10
0.406093	0.864255	0	0	0.02	10
0.444335	0.896683	0	0	0.02	10
0.473508	0.937628	0	0	0.02	10
0.491779	0.984567	0	0	0.02	10
0.498	1.0346	0	0	0.02	10
0.49178	1.08463	0	0	0.02	10
0.473509	1.13157	0	0	0.02	10
0.444336	1.17252	0	0	0.02	10
0.406094	1.20494	0	0	0.02	10
0.361186	1.22687	0	0	0.02	10
0.312433	1.23696	0	0	0.02	10
0.262899	1.23464	0	0	0.02	10
0.215696	1.22009	0	0	0.02	10
0.17379	1.19429	0	0	0.02	10
0.139815	1.1589	0	0	0.02	10
0.115904	1.1162	0	0	0.02	10
0.103561	1.06892	0	0	0.02	10
0.103561	1.02008	0	0	0.02	10
0.115904	0.9728	0	0	0.02	10
0.139814	0.930099	0	0	0.02	10
0.17379	0.894711	0	0	0.02	10
0.215695	0.868908	0	0	0.02	10
0.262898	0.854363	0	0	0.02	10
0.312432	0.852039	0	0	0.02	10
0.361185	0.862131	0	0	0.02	10
0.406093	0.884055	0	0	0.02	10
0.444335	0.916483	0	0	0.02	10
0.473508	0.957428	0	0	0.02	10
0.491779	1.00437	0	0	0.02	10
0.498	1.0544	0	0	0.02	10
0.49178	1.10443	0	0	0.02	10
0.473509	1.15137	0	0	0.02	10
0.444336	1.19232	0	0	0.02	10
0.406094	1.22474	0	0	0.02	10
0.361186	1.24667	0	0	0.02	10
0.312433	1.25676	0	0	0.02	10
0.262899	1.25444	0	0	0.02	10
0.215696	1.23989	0	0	0.02	10
0.173791	1.21409	0	0	0.02	10
0.139815	1.1787	0	0	0.02	10
0.115904	1.136	0	0	0.02	10
0.103561	1.08872	0	0	0.02	10
0.103561	1.03988	0	0	0.02	10
0.115904	0.9926	0	0	0.02	10
0.139814	0.949899	0	0	0.02	10
0.17379	0.914511	0	0	0.02	10
0.215695	0.888709	0	0	0.02	10
0.262898	0.874163	0	0	0.02	10
0.312432	0.871839	0	0	0.02	10
0.361185	0.881931	0	0	0.02	10
0.406093	0.903855	0	0	0.02	10
0.444335	0.936283	0	0	0.02	10
0.473508	0.977228	0	0	0.02	10
0.491779	1.02417	0	0	0.02	10
0.498	1.0742	0	0	0.02	10
0.49178	1.12423	0	0	0.02	10
0.473509	1.17117	0	0	0.02	10
0.444336	1.21212	0	0	0.02	10
0.406094	1.24454	0	0	0.02	10
0.361186	1.26647	0	0	0.02	10
0.312433	1.27656	0	0	0.02	10
0.262899	1.27424	0	0	0.02	10
0.215696	1.25969	0	0	0.02	10
0.173791	1.23389	0	0	0.02	10
0.139815	1.1985	0	0	0.02	10
0.115904	1.1558	0	0	0.02	10
0.103561	1.10852	0	0	0.02	10
0.103561	1.05968	0	0	0.02	10
0.115904	1.0124	0	0	0.02	10
0.139814	0.969699	0	0	0.02	10
0.17379	0.934311	0	0	0.02	10
0.215695	0.908509	0	0	0.02	10
0.262898	0.893963	0	0	0.02	10
0.312432	0.891639	0	0	0.02	10
0.361185	0.901731	0	0	0.02	10
0.406093	0.923655	0	0	0.02	10
0.444335	0.956083	0	0	0.02	10
0.473508	0.997028	0	0	0.02	10
0.491779	1.04397	0	0	0.02	10
0.498	1.094	0	0	0.02	10
0.49178	1.14403	0	0	0.02	10
0.473509	1.19097	0	0	0.02	10
0.444336	1.23192	0	0	0.02	10
0.406094	1.26434	0	0	0.02	10
0.361186	1.28627	0	0	0.02	10
0.312433	1.29636	0	0	0.02	10
0.262899	1.29404	0	0	0.02	10
0.215696	1.27949	0	0	0.02	10
0.173791	1.25369	0	0	0.02	10
0.139815	1.2183	0	0	0.02	10
0.115904	1.1756	0	0	0.02	10
0.103561	1.12832	0	0	0.02	10
0.103561	1.07948	0	0	0.02	10
0.115904	1.0322	0	0	0.02	10
0.139814	0.989499	0	0	0.02	10
0.17379	0.954111	0	0	0.02	10
0.215695	0.928309	0	0	0.02	10
0.262898	0.913763	0	0	0.02	10
0.312432	0.911439	0	0	0.02	10
0.361185	0.921531	0	0	0.02	10
0.406093	0.943455	0	0	0.02	10
0.444335	0.975883	0	0	0.02	10
0.473508	1.01683	0	0	0.02	10
0.491779	1.06377	0	0	0.02	10
0.498	1.1138	0	0	0.02	10
0.49178	1.16383	0	0	0.02	10
0.473509	1.21077	0	0	0.02	10
0.444336	1.25172	0	0	0.02	10
0.406094	1.28414	0	0	0.02	10
0.361186	1.30607	0	0	0.02	10
0.312433	1.31616	0	0	0.02	10
0.262899	1.31384	0	0	0.02	10
0.215696	1.29929	0	0	0.02	10
0.173791	1.27349	0	0	0.02	10
0.139815	1.2381	0	0	0.02	10
0.115905	1.1954	0	0	0.02	10
0.103561	1.14812	0	0	0.02	10
0.103561	1.09928	0	0	0.02	10
0.115904	1.052	0	0	0.02	10
0.139814	1.0093	0	0	0.02	10
0.17379	0.973911	0	0	0.02	10
0.215695	0.948109	0	0	0.02	10
0.262898	0.933563	0	0	0.02	10
0.312432	0.931239	0	0	0.02	10
0.361185	0.941331	0	0	0.02	10
0.406093	0.963255	0	0	0.02	10
0.444335	0.995683	0	0	0.02	10
0.473508	1.03663	0	0	0.02	10
0.491779	1.08357	0	0	0.02	10
0.498	1.1336	0	0	0.02	10
0.49178	1.18363	0	0	0.02	10
0.473509	1.23057	0	0	0.02	10
0.444336	1.27152	0	0	0.02	10
0.406094	1.30394	0	0	0.02	10
0.361186	1.32587	0	0	0.02	10
0.312433	1.33596	0	0	0.02	10
0.262899	1.33364	0	0	0.02	10
0.215696	1.31909	0	0	0.02	10
0.173791	1.29329	0	0	0.02	10
0.139815	1.2579	0	0	0.02	10
0.115905	1.2152	0	0	0.02	10
0.103561	1.16792	0	0	0.02	10
0.103561	1.11908	0	0	0.02	10
0.115904	1.0718	0	0	0.02	10
0.139814	1.0291	0	0	0.02	10
0.17379	0.993711	0	0	0.02	10
0.215695	0.967909	0	0	0.02	10
0.262898	0.953363	0	0	0.02	10
0.312432	0.951039	0	0	0.02	10
0.361185	0.961131	0	0	0.02	10
0.406093	0.983055	0	0	0.02	10
0.444335	1.01548	0	0	0.02	10
0.473508	1.05643	0	0	0.02	10
0.491779	1.10337	0	0	0.02	10
0.498	1.1534	0	0	0.02	10
0.49178	1.20343	0	0	0.02	10
0.473509	1.25037	0	0	0.02	10
0.444336	1.29132	0	0	0.02	10
0.406094	1.32374	0	0	0.02	10
0.361186	1.34567	0	0	0.02	10
0.312433	1.35576	0	0	0.02	10
0.262899	1.35344	0	0	0.02	10
0.215696	1.33889	0	0	0.02	10
0.173791	1.31309	0	0	0.02	10
0.139815	1.2777	0	0	0.02	10
0.115905	1.235	0	0	0.02	10
0.103561	1.18772	0	0	0.02	10
0.103561	1.13888	0	0	0.02	10
0.115904	1.0916	0	0	0.02	10
0.139814	1.0489	0	0	0.02	10
0.173789	1.01351	0	0	0.02	10
0.215695	0.987709	0	0	0.02	10
0.262898	0.973163	0	0	0.02	10
0.312432	0.970839	0	0	0.02	10
0.361185	0.980931	0	0	0.02	10
0.406093	1.00285	0	0	0.02	10
0.444335	1.03528	0	0	0.02	10
0.473508	1.07623	0	0	0.02	10
0.491779	1.12317	0	0	0.02	10
0.498	1.1732	0	0	0.02	10
0.49178	1.22323	0	0	0.02	10
0.473509	1.27017	0	0	0.02	10
0.444336	1.31112	0	0	0.02	10
0.406094	1.34354	0	0	0.02	10
0.361186	1.36547	0	0	0.02	10
0.312433	1.37556	0	0	0.02	10
0.262899	1.37324	0	0	0.02	10
0.215696	1.35869	0	0	0.02	10
0.173791	1.33289	0	0	0.02	10
0.139815	1.2975	0	0	0.02	10
0.115905	1.2548	0	0	0.02	10
0.103561	1.20752	0	0	0.02	10
0.103561	1.15868	0	0	0.02	10
0.115904	1.1114	0	0	0.02	10
0.139814	1.0687	0	0	0.02	10
0.173789	1.03331	0	0	0.02	10
0.215695	1.00751	0	0	0.02	10
0.262898	0.992963	0	0	0.02	10
0.312432	0.990639	0	0	0.02	10
0.361185	1.00073	0	0	0.02	10
0.406093	1.02265	0	0	0.02	10
0.444335	1.05508	0	0	0.02	10
0.473508	1.09603	0	0	0.02	10
0.491779	1.14297	0	0	0.02	10
0.498	1.193	0	0	0.02	10
0.49178	1.24303	0	0	0.02	10
0.473509	1.28997	0	0	0.02	10
0.444336	1.33092	0	0	0.02	10
0.406094	1.36334	0	0	0.02	10
0.361186	1.38527	0	0	0.02	10
0.312433	1.39536	0	0	0.02	10
0.262899	1.39304	0	0	0.02	10
0.215696	1.37849	0	0	0.02	10
0.173791	1.35269	0	0	0.02	10
0.139815	1.3173	0	0	0.02	10
0.115905	1.2746	0	0	0.02	10
0.103561	1.22732	0	0	0.02	10
0.103561	1.17848	0	0	0.02	10
0.115904	1.1312	0	0	0.02	10
0.139814	1.0885	0	0	0.02	10
0.173789	1.05311	0	0	0.02	10
0.215695	1.02731	0	0	0.02	10
0.262898	1.01276	0	0	0.02	10
0.312432	1.01044	0	0	0.02	10
0.361185	1.02053	0	0	0.02	10
0.406093	1.04245	0	0	0.02	10
0.444335	1.07488	0	0	0.02	10
0.473508	1.11583	0	0	0.02	10
0.491779	1.16277	0	0	0.02	10
0.498	1.2128	0	0	0.02	10
0.49178	1.26283	0	0	0.02	10
0.473509	1.30977	0	0	0.02	10
0.444336	1.35072	0	0	0.02	10
0.406094	1.38314	0	0	0.02	10
0.361186	1.40507	0	0	0.02	10
0.312433	1.41516	0	0	0.02	10
0.262899	1.41284	0	0	0.02	10
0.215696	1.39829	0	0	0.02	10
0.173791	1.37249	0	0	0.02	10
0.139815	1.3371	0	0	0.02	10
0.115905	1.2944	0	0	0.02	10
0.103561	1.24712	0	0	0.02	10
0.103561	1.19828	0	0	0.02	10
0.115904	1.151	0	0	0.02	10
0.139814	1.1083	0	0	0.02	10
0.173789	1.07291	0	0	0.02	10
0.215695	1.04711	0	0	0.02	10
0.262898	1.03256	0	0	0.02	10
0.312432	1.03024	0	0	0.02	10
0.361185	1.04033	0	0	0.02	10
0.406093	1.06225	0	0	0.02	10
0.444335	1.09468	0	0	0.02	10
0.473508	1.13563	0	0	0.02	10
0.491779	1.18257	0	0	0.02	10
0.498	1.2326	0	0	0.02	10
0.49178	1.28263	0	0	0.02	10
0.473509	1.32957	0	0	0.02	10
0.444336	1.37052	0	0	0.02	10
0.406094	1.40294	0	0	0.02	10
0.361186	1.42487	0	0	0.02	10
0.312433	1.43496	0	0	0.02	10
0.262899	1.43264	0	0	0.02	10
0.215696	1.41809	0	0	0.02	10
0.173791	1.39229	0	0	0.02	10
0.139815	1.3569	0	0	0.02	10
0.115905	1.3142	0	0	0.02	10
0.103561	1.26692	0	0	0.02	10
0.103561	1.21808	0	0	0.02	10
0.115904	1.1708	0	0	0.02	10
0.139814	1.1281	0	0	0.02	10
0.173789	1.09271	0	0	0.02	10
0.215695	1.06691	0	0	0.02	10
0.262898	1.05236	0	0	0.02	10
0.312432	1.05004	0	0	0.02	10
0.361185	1.06013	0	0	0.02	10
0.406093	1.08205	0	0	0.02	10
0.444335	1.11448	0	0	0.02	10
0.473508	1.15543	0	0	0.02	10
0.491779	1.20237	0	0	0.02	10
0.498	1.2524	0	0	0.02	10
0.49178	1.30243	0	0	0.02	10
0.473509	1.34937	0	0	0.02	10
0.444336	1.39032	0	0	0.02	10
0.406094	1.42274	0	0	0.02	10
0.361186	1.44467	0	0	0.02	10
0.312433	1.45476	0	0	0.02	10
0.262899	1.45244	0	0	0.02	10
0.215696	1.43789	0	0	0.02	10
0.173791	1.41209	0	0	0.02	10
0.139815	1.3767	0	0	0.02	10
0.115905	1.334	0	0	0.02	10
0.103561	1.28672	0	0	0.02	10
0.103561	1.23788	0	0	0.02	10
0.115904	1.1906	0	0	0.02	10
0.139814	1.1479	0	0	0.02	10
0.173789	1.11251	0	0	0.02	10
0.215695	1.08671	0	0	0.02	10
0.262898	1.07216	0	0	0.02	10
0.312432	1.06984	0	0	0.02	10
0.361185	1.07993	0	0	0.02	10
0.406093	1.10185	0	0	0.02	10
0.444335	1.13428	0	0	0.02	10
0.473508	1.17523	0	0	0.02	10
0.491779	1.22217	0	0	0.02	10
0.498	1.2722	0	0	0.02	10
0.49178	1.32223	0	0	0.02	10
0.473509	1.36917	0	0	0.02	10
0.444336	1.41012	0	0	0.02	10
0.406094	1.44254	0	0	0.02	10
0.361186	1.46447	0	0	0.02	10
0.312433	1.47456	0	0	0.02	10
0.262899	1.47224	0	0	0.02	10
0.215696	1.45769	0	0	0.02	10
0.173791	1.43189	0	0	0.02	10
0.139815	1.3965	0	0	0.02	10
0.115905	1.3538	0	0	0.02	10
0.103561	1.30652	0	0	0.02	10
0.103561	1.25768	0	0	0.02	10
0.115904	1.2104	0	0	0.02	10
0.139814	1.1677	0	0	0.02	10
0.173789	1.13231	0	0	0.02	10
0.215695	1.10651	0	0	0.02	10
0.262898	1.09196	0	0	0.02	10
0.312432	1.08964	0	0	0.02	10
0.361185	1.09973	0	0	0.02	10
0.406093	1.12165	0	0	0.02	10
0.444335	1.15408	0	0	0.02	10
0.473508	1.19503	0	0	0.02	10
0.491779	1.24197	0	0	0.02	10
0.498	1.292	0	0	0.02	10
0.49178	1.34203	0	0	0.02	10
0.473509	1.38897	0	0	0.02	10
0.444336	1.42992	0	0	0.02	10
0.406094	1.46234	0	0	0.02	10
0.361186	1.48427	0	0	0.02	10
0.312433	1.49436	0	0	0.02	10
0.262899	1.49204	0	0	0.02	10
0.215696	1.47749	0	0	0.02	10
0.173791	1.45169	0	0	0.02	10
0.139815	1.4163	0	0	0.02	10
0.115905	1.3736	0	0	0.02	10
0.103561	1.32632	0	0	0.02	10
0.103561	1.27748	0	0	0.02	10
0.115904	1.2302	0	0	0.02	10
0.139814	1.1875	0	0	0.02	10
0.173789	1.15211	0	0	0.02	10
0.215695	1.12631	0	0	0.02	10
0.262898	1.11176	0	0	0.02	10
0.312432	1.10944	0	0	0.02	10
0.361185	1.11953	0	0	0.02	10
0.406093	1.14145	0	0	0.02	10
0.444335	1.17388	0	0	0.02	10
0.473508	1.21483	0	0	0.02	10
0.491779	1.26177	0	0	0.02	10
0.498	1.3118	0	0	0.02	10
0.49178	1.36183	0	0	0.02	10
0.473509	1.40877	0	0	0.02	10
0.444336	1.44972	0	0	0.02	10
0.406094	1.48214	0	0	0.02	10
0.361186	1.50407	0	0	0.02	10
0.312433	1.51416	0	0	0.02	10
0.262899	1.51184	0	0	0.02	10
0.215696	1.49729	0	0	0.02	10
0.173791	1.47149	0	0	0.02	10
0.139815	1.4361	0	0	0.02	10
0.115905	1.3934	0	0	0.02	10
0.103561	1.34612	0	0	0.02	10
0.103561	1.29728	0	0	0.02	10
0.115904	1.25	0	0	0.02	10
0.139814	1.2073	0	0	0.02	10
0.173789	1.17191	0	0	0.02	10
0.215695	1.14611	0	0	0.02	10
0.262898	1.13156	0	0	0.02	10
0.312432	1.12924	0	0	0.02	10
0.361185	1.13933	0	0	0.02	10
0.406093	1.16125	0	0	0.02	10
0.444335	1.19368	0	0	0.02	10
0.473508	1.23463	0	0	0.02	10
0.491779	1.28157	0	0	0.02	10
0.498	1.3316	0	0	0.02	10
0.49178	1.38163	0	0	0.02	10
0.473509	1.42857	0	0	0.02	10
0.444336	1.46952	0	0	0.02	10
0.406094	1.50194	0	0	0.02	10
0.361186	1.52387	0	0	0.02	10
0.312433	1.53396	0	0	0.02	10
0.262899	1.53164	0	0	0.02	10
0.215697	1.51709	0	0	0.02	10
0.173791	1.49129	0	0	0.02	10
0.139815	1.4559	0	0	0.02	10
0.115905	1.4132	0	0	0.02	10
0.103561	1.36592	0	0	0.02	10
0.103561	1.31708	0	0	0.02	10
0.115904	1.2698	0	0	0.02	10
0.139814	1.2271	0	0	0.02	10
0.173789	1.19171	0	0	0.02	10
0.215695	1.16591	0	0	0.02	10
0.262898	1.15136	0	0	0.02	10
0.312432	1.14904	0	0	0.02	10
0.361185	1.15913	0	0	0.02	10
0.406093	1.18105	0	0	0.02	10
0.444335	1.21348	0	0	0.02	10
0.473508	1.25443	0	0	0.02	10
0.491779	1.30137	0	0	0.02	10
0.498	1.3514	0	0	0.02	10
0.49178	1.40143	0	0	0.02	10
0.473509	1.44837	0	0	0.02	10
0.444336	1.48932	0	0	0.02	10
0.406094	1.52174	0	0	0.02	10
0.361186	1.54367	0	0	0.02	10
0.312433	1.55376	0	0	0.02	10
0.262899	1.55144	0	0	0.02	10
0.215697	1.53689	0	0	0.02	10
0.173791	1.51109	0	0	0.02	10
0.139815	1.4757	0	0	0.02	10
0.115905	1.433	0	0	0.02	10
0.103561	1.38572	0	0	0.02	10
0.103561	1.33688	0	0	0.02	10
0.115904	1.2896	0	0	0.02	10
0.139814	1.2469	0	0	0.02	10
0.173789	1.21151	0	0	0.02	10
0.215695	1.18571	0	0	0.02	10
0.262898	1.17116	0	0	0.02	10
0.312432	1.16884	0	0	0.02	10
0.361184	1.17893	0	0	0.02	10
0.406093	1.20085	0	0	0.02	10
0.444335	1.23328	0	0	0.02	10
0.473508	1.27423	0	0	0.02	10
0.491779	1.32117	0	0	0.02	10
0.498	1.3712	0	0	0.02	10
0.49178	1.42123	0	0	0.02	10
0.473509	1.46817	0	0	0.02	10
0.444336	1.50912	0	0	0.02	10
0.406094	1.54154	0	0	0.02	10
0.361186	1.56347	0	0	0.02	10
0.312433	1.57356	0	0	0.02	10
0.262899	1.57124	0	0	0.02	10
0.215697	1.55669	0	0	0.02	10
0.173791	1.53089	0	0	0.02	10
0.139815	1.4955	0	0	0.02	10
0.115905	1.4528	0	0	0.02	10
0.103561	1.40552	0	0	0.02	10
0.103561	1.35668	0	0	0.02	10
0.115904	1.3094	0	0	0.02	10
0.139814	1.2667	0	0	0.02	10
0.173789	1.23131	0	0	0.02	10
0.215695	1.20551	0	0	0.02	10
0.262898	1.19096	0	0	0.02	10
0.312432	1.18864	0	0	0.02	10
0.361184	1.19873	0	0	0.02	10
0.406093	1.22065	0	0	0.02	10
0.444335	1.25308	0	0	0.02	10
0.473508	1.29403	0	0	0.02	10
0.491779	1.34097	0	0	0.02	10
0.498	1.391	0	0	0.02	10
0.49178	1.44103	0	0	0.02	10
0.473509	1.48797	0	0	0.02	10
0.444336	1.52892	0	0	0.02	10
0.406095	1.56134	0	0	0.02	10
0.361186	1.58327	0	0	0.02	10
0.312433	1.59336	0	0	0.02	10
0.262899	1.59104	0	0	0.02	10
0.215697	1.57649	0	0	0.02	10
0.173791	1.55069	0	0	0.02	10
0.139815	1.5153	0	0	0.02	10
0.115905	1.4726	0	0	0.02	10
0.103561	1.42532	0	0	0.02	10
0.103561	1.37648	0	0	0.02	10
0.115904	1.3292	0	0	0.02	10
0.139814	1.2865	0	0	0.02	10
0.173789	1.25111	0	0	0.02	10
0.215695	1.22531	0	0	0.02	10
0.262898	1.21076	0	0	0.02	10
0.312432	1.20844	0	0	0.02	10
0.361184	1.21853	0	0	0.02	10
0.406093	1.24045	0	0	0.02	10
0.444335	1.27288	0	0	0.02	10
0.473508	1.31383	0	0	0.02	10
0.491779	1.36077	0	0	0.02	10
0.498	1.4108	0	0	0.02	10
0.49178	1.46083	0	0	0.02	10
0.473509	1.50777	0	0	0.02	10
0.444336	1.54872	0	0	0.02	10
0.406095	1.58114	0	0	0.02	10
0.361186	1.60307	0	0	0.02	10
0.312434	1.61316	0	0	0.02	10
0.262899	1.61084	0	0	0.02	10
0.215697	1.59629	0	0	0.02	10
0.173791	1.57049	0	0	0.02	10
0.139815	1.5351	0	0	0.02	10
0.115905	1.4924	0	0	0.02	10
0.103561	1.44512	0	0	0.02	10
0.103561	1.39628	0	0	0.02	10
0.115904	1.349	0	0	0.02	10
0.139814	1.3063	0	0	0.02	10
0.173789	1.27091	0	0	0.02	10
0.215695	1.24511	0	0	0.02	10
0.262898	1.23056	0	0	0.02	10
0.312432	1.22824	0	0	0.02	10
0.361184	1.23833	0	0	0.02	10
0.406093	1.26025	0	0	0.02	10
0.444335	1.29268	0	0	0.02	10
0.473508	1.33363	0	0	0.02	10
0.491779	1.38057	0	0	0.02	10
0.498	1.4306	0	0	0.02	10
0.49178	1.48063	0	0	0.02	10
0.473509	1.52757	0	0	0.02	10
0.444336	1.56852	0	0	0.02	10
0.406095	1.60094	0	0	0.02	10
0.361186	1.62287	0	0	0.02	10
0.312434	1.63296	0	0	0.02	10
0.262899	1.63064	0	0	0.02	10
0.215697	1.61609	0	0	0.02	10
0.173791	1.59029	0	0	0.02	10
0.139815	1.5549	0	0	0.02	10
0.115905	1.5122	0	0	0.02	10
0.103561	1.46492	0	0	0.02	10
0.103561	1.41608	0	0	0.02	10
0.115904	1.3688	0	0	0.02	10
0.139814	1.3261	0	0	0.02	10
0.173789	1.29071	0	0	0.02	10
0.215695	1.26491	0	0	0.02	10
0.262898	1.25036	0	0	0.02	10
0.312432	1.24804	0	0	0.02	10
0.361184	1.25813	0	0	0.02	10
0.406093	1.28005	0	0	0.02	10
0.444335	1.31248	0	0	0.02	10
0.473508	1.35343	0	0	0.02	10
0.491779	1.40037	0	0	0.02	10
0.498	1.4504	0	0	0.02	10
0.49178	1.50043	0	0	0.02	10
0.473509	1.54737	0	0	0.02	10
0.444336	1.58832	0	0	0.02	10
0.406095	1.62074	0	0	0.02	10
0.361186	1.64267	0	0	0.02	10
0.312434	1.65276	0	0	0.02	10
0.2629	1.65044	0	0	0.02	10
0.215697	1.63589	0	0	0.02	10
0.173791	1.61009	0	0	0.02	10
0.139815	1.5747	0	0	0.02	10
0.115905	1.532	0	0	0.02	10
0.103561	1.48472	0	0	0.02	10
0.103561	1.43588	0	0	0.02	10
0.115904	1.3886	0	0	0.02	10
0.139814	1.3459	0	0	0.02	10
0.173789	1.31051	0	0	0.02	10
0.215695	1.28471	0	0	0.02	10
0.262897	1.27016	0	0	0.02	10
0.312431	1.26784	0	0	0.02	10
0.361184	1.27793	0	0	0.02	10
0.406093	1.29985	0	0	0.02	10
0.444335	1.33228	0	0	0.02	10
0.473508	1.37323	0	0	0.02	10
0.491779	1.42017	0	0	0.02	10
0.498	1.4702	0	0	0.02	10
0.49178	1.52023	0	0	0.02	10
0.473509	1.56717	0	0	0.02	10
0.444337	1.60812	0	0	0.02	10
0.406095	1.64054	0	0	0.02	10
0.361186	1.66247	0	0	0.02	10
0.312434	1.67256	0	0	0.02	10
0.2629	1.67024	0	0	0.02	10
0.215697	1.65569	0	0	0.02	10
0.173791	1.62989	0	0	0.02	10
0.139815	1.5945	0	0	0.02	10
0.115905	1.5518	0	0	0.02	10
0.103561	1.50452	0	0	0.02	10
0.103561	1.45568	0	0	0.02	10
0.115904	1.4084	0	0	0.02	10
0.139814	1.3657	0	0	0.02	10
0.173789	1.33031	0	0	0.02	10
0.215695	1.30451	0	0	0.02	10
0.262897	1.28996	0	0	0.02	10
0.312431	1.28764	0	0	0.02	10
0.361184	1.29773	0	0	0.02	10
0.406093	1.31965	0	0	0.02	10
0.444335	1.35208	0	0	0.02	10
0.473508	1.39303	0	0	0.02	10
0.491779	1.43997	0	0	0.02	10
0.498	1.49	0	0	0.02	10
0.49178	1.54003	0	0	0.02	10
0.473509	1.58697	0	0	0.02	10
0.444337	1.62792	0	0	0.02	10
0.406095	1.66034	0	0	0.02	10
0.361186	1.68227	0	0	0.02	10
0.312434	1.69236	0	0	0.02	10
0.2629	1.69004	0	0	0.02	10
0.215697	1.67549	0	0	0.02	10
0.173791	1.64969	0	0	0.02	10
0.139815	1.6143	0	0	0.02	10
0.115905	1.5716	0	0	0.02	10
0.103561	1.52432	0	0	0.02	10
0.103561	1.47548	0	0	0.02	10
0.115904	1.4282	0	0	0.02	10
0.139814	1.3855	0	0	0.02	10
0.173789	1.35011	0	0	0.02	10
0.215695	1.32431	0	0	0.02	10
0.262897	1.30976	0	0	0.02	10
0.312431	1.30744	0	0	0.02	10
0.361184	1.31753	0	0	0.02	10
0.406093	1.33945	0	0	0.02	10
0.444335	1.37188	0	0	0.02	10
0.473508	1.41283	0	0	0.02	10
0.491779	1.45977	0	0	0.02	10
0.498	1.5098	0	0	0.02	10
0.49178	1.55983	0	0	0.02	10
0.473509	1.60677	0	0	0.02	10
0.444337	1.64772	0	0	0.02	10
0.406095	1.68014	0	0	0.02	10
0.361186	1.70207	0	0	0.02	10
0.312434	1.71216	0	0	0.02	10
0.2629	1.70984	0	0	0.02	10
0.215697	1.69529	0	0	0.02	10
0.173791	1.66949	0	0	0.02	10
0.139815	1.6341	0	0	0.02	10
0.115905	1.5914	0	0	0.02	10
0.103561	1.54412	0	0	0.02	10
0.103561	1.49528	0	0	0.02	10
0.115904	1.448	0	0	0.02	10
0.139814	1.4053	0	0	0.02	10
0.173789	1.36991	0	0	0.02	10
0.215695	1.34411	0	0	0.02	10
0.262897	1.32956	0	0	0.02	10
0.312431	1.32724	0	0	0.02	10
0.361184	1.33733	0	0	0.02	10
0.406093	1.35925	0	0	0.02	10
0.444335	1.39168	0	0	0.02	10
0.473508	1.43263	0	0	0.02	10
0.491779	1.47957	0	0	0.02	10
0.498	1.5296	0	0	0.02	10
0.49178	1.57963	0	0	0.02	10
0.473509	1.62657	0	0	0.02	10
0.444337	1.66752	0	0	0.02	10
0.406095	1.69994	0	0	0.02	10
0.361186	1.72187	0	0	0.02	10
0.312434	1.73196	0	0	0.02	10
0.2629	1.72964	0	0	0.02	10
0.215697	1.71509	0	0	0.02	10
0.173791	1.68929	0	0	0.02	10
0.139815	1.6539	0	0	0.02	10
0.115905	1.6112	0	0	0.02	10
0.103561	1.56392	0	0	0.02	10
0.103561	1.51508	0	0	0.02	10
0.115904	1.4678	0	0	0.02	10
0.139814	1.4251	0	0	0.02	10
0.173789	1.38971	0	0	0.02	10
0.215695	1.36391	0	0	0.02	10
0.262897	1.34936	0	0	0.02	10
0.312431	1.34704	0	0	0.02	10
0.361184	1.35713	0	0	0.02	10
0.406093	1.37905	0	0	0.02	10
0.444335	1.41148	0	0	0.02	10
0.473508	1.45243	0	0	0.02	10
0.491779	1.49937	0	0	0.02	10
0.498	1.5494	0	0	0.02	10
0.49178	1.59943	0	0	0.02	10
0.473509	1.64637	0	0	0.02	10
0.444337	1.68732	0	0	0.02	10
0.406095	1.71974	0	0	0.02	10
0.361186	1.74167	0	0	0.02	10
0.312434	1.75176	0	0	0.02	10
0.2629	1.74944	0	0	0.02	10
0.215697	1.73489	0	0	0.02	10
0.173791	1.70909	0	0	0.02	10
0.139815	1.6737	0	0	0.02	10
0.115905	1.631	0	0	0.02	10
0.103561	1.58372	0	0	0.02	10
0.103561	1.53488	0	0	0.02	10
0.115904	1.4876	0	0	0.02	10
0.139814	1.4449	0	0	0.02	10
0.173789	1.40951	0	0	0.02	10
0.215695	1.38371	0	0	0.02	10
0.262897	1.36916	0	0	0.02	10
0.312431	1.36684	0	0	0.02	10
0.361184	1.37693	0	0	0.02	10
0.406093	1.39885	0	0	0.02	10
0.444335	1.43128	0	0	0.02	10
0.473508	1.47223	0	0	0.02	10
0.491779	1.51917	0	0	0.02	10
0.498	1.5692	0	0	0.02	10
0.49178	1.61923	0	0	0.02	10
0.473509	1.66617	0	0	0.02	10
0.444337	1.70712	0	0	0.02	10
0.406095	1.73954	0	0	0.02	10
0.361186	1.76147	0	0	0.02	10
0.312434	1.77156	0	0	0.02	10
0.2629	1.76924	0	0	0.02	10
0.215697	1.75469	0	0	0.02	10
0.173791	1.72889	0	0	0.02	10
0.139815	1.6935	0	0	0.02	10
0.115905	1.6508	0	0	0.02	10
0.103561	1.60352	0	0	0.02	10
0.103561	1.55468	0	0	0.02	10
0.115904	1.5074	0	0	0.02	10
0.139814	1.4647	0	0	0.02	10
0.173789	1.42931	0	0	0.02	10
0.215695	1.40351	0	0	0.02	10
0.262897	1.38896	0	0	0.02	10
0.312431	1.38664	0	0	0.02	10
0.361184	1.39673	0	0	0.02	10
0.406093	1.41865	0	0	0.02	10
0.444335	1.45108	0	0	0.02	10
0.473508	1.49203	0	0	0.02	10
0.491779	1.53897	0	0	0.02	10
0.498	1.589	0	0	0.02	10
0.49178	1.63903	0	0	0.02	10
0.473509	1.68597	0	0	0.02	10
0.444337	1.72692	0	0	0.02	10
0.406095	1.75934	0	0	0.02	10
0.361186	1.78127	0	0	0.02	10
0.312434	1.79136	0	0	0.02	10
0.2629	1.78904	0	0	0.02	10
0.215697	1.77449	0	0	0.02	10
0.173791	1.74869	0	0	0.02	10
0.139815	1.7133	0	0	0.02	10
0.115905	1.6706	0	0	0.02	10
0.103561	1.62332	0	0	0.02	10
0.103561	1.57448	0	0	0.02	10
0.115904	1.5272	0	0	0.02	10
0.139814	1.4845	0	0	0.02	10
0.173789	1.44911	0	0	0.02	10
0.215695	1.42331	0	0	0.02	10
0.262897	1.40876	0	0	0.02	10
0.312431	1.40644	0	0	0.02	10
0.361184	1.41653	0	0	0.02	10
0.406093	1.43845	0	0	0.02	10
0.444335	1.47088	0	0	0.02	10
0.473508	1.51183	0	0	0.02	10
0.491779	1.55877	0	0	0.02	10
0.498	1.6088	0	0	0.02	10
0.49178	1.65883	0	0	0.02	10
0.473509	1.70577	0	0	0.02	10
0.444337	1.74672	0	0	0.02	10
0.406095	1.77914	0	0	0.02	10
0.361186	1.80107	0	0	0.02	10
0.312434	1.81116	0	0	0.02	10
0.2629	1.80884	0	0	0.02	10
0.215697	1.79429	0	0	0.02	10
0.173791	1.76849	0	0	0.02	10
0.139815	1.7331	0	0	0.02	10
0.115905	1.6904	0	0	0.02	10
0.103561	1.64312	0	0	0.02	10
0.103561	1.59428	0	0	0.02	10
0.115904	1.547	0	0	0.02	10
0.139814	1.5043	0	0	0.02	10
0.173789	1.46891	0	0	0.02	10
0.215695	1.44311	0	0	0.02	10
0.262897	1.42856	0	0	0.02	10
0.312431	1.42624	0	0	0.02	10
0.361184	1.43633	0	0	0.02	10
0.406093	1.45825	0	0	0.02	10
0.444335	1.49068	0	0	0.02	10
0.473508	1.53163	0	0	0.02	10
0.491779	1.57857	0	0	0.02	10
0.498	1.6286	0	0	0.02	10
0.49178	1.67863	0	0	0.02	10
0.473509	1.72557	0	0	0.02	10
0.444337	1.76652	0	0	0.02	10
0.406095	1.79894	0	0	0.02	10
0.361187	1.82087	0	0	0.02	10
0.312434	1.83096	0	0	0.02	10
0.2629	1.82864	0	0	0.02	10
0.215697	1.81409	0	0	0.02	10
0.173791	1.78829	0	0	0.02	10
0.139815	1.7529	0	0	0.02	10
0.115905	1.7102	0	0	0.02	10
0.103561	1.66292	0	0	0.02	10
0.103561	1.61408	0	0	0.02	10
0.115904	1.5668	0	0	0.02	10
0.139814	1.5241	0	0	0.02	10
0.173789	1.48871	0	0	0.02	10
0.215695	1.46291	0	0	0.02	10
0.262897	1.44836	0	0	0.02	10
0.312431	1.44604	0	0	0.02	10
0.361184	1.45613	0	0	0.02	10
0.406093	1.47805	0	0	0.02	10
0.444335	1.51048	0	0	0.02	10
0.473508	1.55143	0	0	0.02	10
0.491779	1.59837	0	0	0.02	10
0.498	1.6484	0	0	0.02	10
0.49178	1.69843	0	0	0.02	10
0.473509	1.74537	0	0	0.02	10
0.444337	1.78632	0	0	0.02	10
0.406095	1.81874	0	0	0.02	10
0.361187	1.84067	0	0	0.02	10
0.312434	1.85076	0	0	0.02	10
0.2629	1.84844	0	0	0.02	10
0.215697	1.83389	0	0	0.02	10
0.173791	1.80809	0	0	0.02	10
0.139815	1.7727	0	0	0.02	10
0.115905	1.73	0	0	0.02	10
0.103561	1.68272	0	0	0.02	10
0.103561	1.63388	0	0	0.02	10
0.115904	1.5866	0	0	0.02	10
0.139814	1.5439	0	0	0.02	10
0.173789	1.50851	0	0	0.02	10
0.215695	1.48271	0	0	0.02	10
0.262897	1.46816	0	0	0.02	10
0.312431	1.46584	0	0	0.02	10
0.361184	1.47593	0	0	0.02	10
0.406093	1.49785	0	0	0.02	10
0.444335	1.53028	0	0	0.02	10
0.473508	1.57123	0	0	0.02	10
0.491779	1.61817	0	0	0.02	10
0.498	1.6682	0	0	0.02	10
0.49178	1.71823	0	0	0.02	10
0.473509	1.76517	0	0	0.02	10
0.444337	1.80612	0	0	0.02	10
0.406095	1.83854	0	0	0.02	10
0.361187	1.86047	0	0	0.02	10
0.312434	1.87056	0	0	0.02	10
0.2629	1.86824	0	0	0.02	10
0.215697	1.85369	0	0	0.02	10
0.173791	1.82789	0	0	0.02	10
0.139815	1.7925	0	0	0.02	10
0.115905	1.7498	0	0	0.02	10
0.103561	1.70252	0	0	0.02	10
0.103561	1.65368	0	0	0.02	10
0.115904	1.6064	0	0	0.02	10
0.139814	1.5637	0	0	0.02	10
0.173789	1.52831	0	0	0.02	10
0.215695	1.50251	0	0	0.02	10
0.262897	1.48796	0	0	0.02	10
0.312431	1.48564	0	0	0.02	10
0.361184	1.49573	0	0	0.02	10
0.406093	1.51765	0	0	0.02	10
0.444335	1.55008	0	0	0.02	10
0.473508	1.59103	0	0	0.02	10
0.491779	1.63797	0	0	0.02	10
0.498	1.688	0	0	0.02	10
0.49178	1.73803	0	0	0.02	10
0.473509	1.78497	0	0	0.02	10
0.444337	1.82592	0	0	0.02	10
0.406095	1.85834	0	0	0.02	10
0.361187	1.88027	0	0	0.02	10
0.312434	1.89036	0	0	0.02	10
0.2629	1.88804	0	0	0.02	10
0.215697	1.87349	0	0	0.02	10
0.173791	1.84769	0	0	0.02	10
0.139815	1.8123	0	0	0.02	10
0.115905	1.7696	0	0	0.02	10
0.103561	1.72232	0	0	0.02	10
0.103561	1.67348	0	0	0.02	10
0.115904	1.6262	0	0	0.02	10
0.139814	1.5835	0	0	0.02	10
0.173789	1.54811	0	0	0.02	10
0.215695	1.52231	0	0	0.02	10
0.262897	1.50776	0	0	0.02	10
0.312431	1.50544	0	0	0.02	10
0.361184	1.51553	0	0	0.02	10
0.406093	1.53745	0	0	0.02	10
0.444335	1.56988	0	0	0.02	10
0.473508	1.61083	0	0	0.02	10
0.491779	1.65777	0	0	0.02	10
0.498	1.7078	0	0	0.02	10
0.49178	1.75783	0	0	0.02	10
0.473509	1.80477	0	0	0.02	10
0.444337	1.84572	0	0	0.02	10
0.406095	1.87814	0	0	0.02	10
0.361187	1.90007	0	0	0.02	10
0.312434	1.91016	0	0	0.02	10
0.2629	1.90784	0	0	0.02	10
0.215697	1.89329	0	0	0.02	10
0.173791	1.86749	0	0	0.02	10
0.139815	1.8321	0	0	0.02	10
0.115905	1.7894	0	0	0.02	10
0.103561	1.74212	0	0	0.02	10
0.103561	1.69328	0	0	0.02	10
0.115904	1.646	0	0	0.02	10
0.139814	1.6033	0	0	0.02	10
0.173789	1.56791	0	0	0.02	10
0.215695	1.54211	0	0	0.02	10
0.262897	1.52756	0	0	0.02	10
0.312431	1.52524	0	0	0.02	10
0.361184	1.53533	0	0	0.02	10
0.406093	1.55725	0	0	0.02	10
0.444335	1.58968	0	0	0.02	10
0.473508	1.63063	0	0	0.02	10
0.491779	1.67757	0	0	0.02	10
0.498	1.7276	0	0	0.02	10
0.49178	1.77763	0	0	0.02	10
0.473509	1.82457	0	0	0.02	10
0.444337	1.86552	0	0	0.02	10
0.406095	1.89794	0	0	0.02	10
0.361187	1.91987	0	0	0.02	10
0.312434	1.92996	0	0	0.02	10
0.2629	1.92764	0	0	0.02	10
0.215697	1.91309	0	0	0.02	10
0.173791	1.88729	0	0	0.02	10
0.139815	1.8519	0	0	0.02	10
0.115905	1.8092	0	0	0.02	10
0.103561	1.76192	0	0	0.02	10
0.103561	1.71308	0	0	0.02	10
0.115904	1.6658	0	0	0.02	10
0.139814	1.6231	0	0	0.02	10
0.173789	1.58771	0	0	0.02	10
0.215694	1.56191	0	0	0.02	10
0.262897	1.54736	0	0	0.02	10
0.312431	1.54504	0	0	0.02	10
0.361184	1.55513	0	0	0.02	10
0.406093	1.57705	0	0	0.02	10
0.444335	1.60948	0	0	0.02	10
0.473508	1.65043	0	0	0.02	10
0.491779	1.69737	0	0	0.02	10
0.498	1.7474	0	0	0.02	10
0.49178	1.79743	0	0	0.02	10
0.473509	1.84437	0	0	0.02	10
0.444337	1.88532	0	0	0.02	10
0.406095	1.91774	0	0	0.02	10
0.361187	1.93967	0	0	0.02	10
0.312434	1.94976	0	0	0.02	10
0.2629	1.94744	0	0	0.02	10
0.215697	1.93289	0	0	0.02	10
0.173791	1.90709	0	0	0.02	10
0.139815	1.8717	0	0	0.02	10
0.115905	1.829	0	0	0.02	10
0.103561	1.78172	0	0	0.02	10
0.103561	1.73288	0	0	0.02	10
0.115904	1.6856	0	0	0.02	10
0.139814	1.6429	0	0	0.02	10
0.173789	1.60751	0	0	0.02	10
0.215694	1.58171	0	0	0.02	10
0.262897	1.56716	0	0	0.02	10
0.312431	1.56484	0	0	0.02	10
0.361184	1.57493	0	0	0.02	10
0.406093	1.59685	0	0	0.02	10
0.444335	1.62928	0	0	0.02	10
0.473508	1.67023	0	0	0.02	10
0.491779	1.71717	0	0	0.02	10
0.498	1.7672	0	0	0.02	10
0.49178	1.81723	0	0	0.02	10
0.473509	1.86417	0	0	0.02	10
0.444337	1.90512	0	0	0.02	10
0.406095	1.93754	0	0	0.02	10
0.361187	1.95947	0	0	0.02	10
0.312434	1.96956	0	0	0.02	10
0.2629	1.96724	0	0	0.02	10
0.215697	1.95269	0	0	0.02	10
0.173791	1.92689	0	0	0.02	10
0.139815	1.8915	0	0	0.02	10
0.115905	1.8488	0	0	0.02	10
0.103561	1.80152	0	0	0.02	10
0.103561	1.75268	0	0	0.02	10
0.115904	1.7054	0	0	0.02	10
0.139814	1.6627	0	0	0.02	10
0.173789	1.62731	0	0	0.02	10
0.215694	1.60151	0	0	0.02	10
0.262897	1.58696	0	0	0.02	10
0.312431	1.58464	0	0	0.02	10
0.361184	1.59473	0	0	0.02	10
0.406093	1.61665	0	0	0.02	10
0.444335	1.64908	0	0	0.02	10
0.473508	1.69003	0	0	0.02	10
0.491779	1.73697	0	0	0.02	10
0.498	1.787	0	0	0.02	10
0.49178	1.83703	0	0	0.02	10
0.473509	1.88397	0	0	0.02	10
0.444337	1.92492	0	0	0.02	10
0.406095	1.95734	0	0	0.02	10
0.361187	1.97927	0	0	0.02	10
0.312434	1.98936	0	0	0.02	10
0.2629	1.98704	0	0	0.02	10
0.215697	1.97249	0	0	0.02	10
0.173791	1.94669	0	0	0.02	10
0.139815	1.9113	0	0	0.02	10
0.115905	1.8686	0	0	0.02	10
0.103561	1.82132	0	0	0.02	10
0.103561	1.77248	0	0	0.02	10
0.115904	1.7252	0	0	0.02	10
0.139814	1.6825	0	0	0.02	10
0.173789	1.64711	0	0	0.02	10
0.215694	1.62131	0	0	0.02	10
0.262897	1.60676	0	0	0.02	10
0.312431	1.60444	0	0	0.02	10
0.361184	1.61453	0	0	0.02	10
0.406093	1.63645	0	0	0.02	10
0.444335	1.66888	0	0	0.02	10
0.473508	1.70983	0	0	0.02	10
0.491779	1.75677	0	0	0.02	10
0.498	1.8068	0	0	0.02	10
0.49178	1.85683	0	0	0.02	10
0.473509	1.90377	0	0	0.02	10
0.444337	1.94472	0	0	0.02	10
0.406095	1.97714	0	0	0.02	10
0.361187	1.99907	0	0	0.02	10
0.312434	2.00916	0	0	0.02	10
0.2629	2.00684	0	0	0.02	10
0.215697	1.99229	0	0	0.02	10
0.173791	1.96649	0	0	0.02	10
0.139815	1.9311	0	0	0.02	10
0.115905	1.8884	0	0	0.02	10
0.103561	1.84112	0	0	0.02	10
0.103561	1.79228	0	0	0.02	10
0.115904	1.745	0	0	0.02	10
0.139814	1.7023	0	0	0.02	10
0.173789	1.66691	0	0	0.02	10
0.215694	1.64111	0	0	0.02	10
0.262897	1.62656	0	0	0.02	10
0.312431	1.62424	0	0	0.02	10
0.361184	1.63433	0	0	0.02	10
0.406093	1.65625	0	0	0.02	10
0.444335	1.68868	0	0	0.02	10
0.473508	1.72963	0	0	0.02	10
0.491779	1.77657	0	0	0.02	10
0.498	1.8266	0	0	0.02	10
0.49178	1.87663	0	0	0.02	10
0.473509	1.92357	0	0	0.02	10
0.444337	1.96452	0	0	0.02	10
0.406095	1.99694	0	0	0.02	10
0.361187	2.01887	0	0	0.02	10
0.312434	2.02896	0	0	0.02	10
0.2629	2.02664	0	0	0.02	10
0.215697	2.01209	0	0	0.02	10
0.173791	1.98629	0	0	0.02	10
0.139815	1.9509	0	0	0.02	10
0.115905	1.9082	0	0	0.02	10
0.103561	1.86092	0	0	0.02	10
0.103561	1.81208	0	0	0.02	10
0.115904	1.7648	0	0	0.02	10
0.139814	1.7221	0	0	0.02	10
0.173789	1.68671	0	0	0.02	10
0.215694	1.66091	0	0	0.02	10
0.262897	1.64636	0	0	0.02	10
0.312431	1.64404	0	0	0.02	10
0.361184	1.65413	0	0	0.02	10
0.406092	1.67605	0	0	0.02	10
0.444335	1.70848	0	0	0.02	10
0.473508	1.74943	0	0	0.02	10
0.491779	1.79637	0	0	0.02	10
0.498	1.8464	0	0	0.02	10
0.49178	1.89643	0	0	0.02	10
0.473509	1.94337	0	0	0.02	10
0.444337	1.98432	0	0	0.02	10
0.406095	2.01674	0	0	0.02	10
0.361187	2.03867	0	0	0.02	10
0.312434	2.04876	0	0	0.02	10
0.2629	2.04644	0	0	0.02	10
0.215697	2.03189	0	0	0.02	10
0.173791	2.00609	0	0	0.02	10
0.139815	1.9707	0	0	0.02	10
0.115905	1.928	0	0	0.02	10
0.103561	1.88072	0	0	0.02	10
0.103561	1.83188	0	0	0.02	10
0.115904	1.7846	0	0	0.02	10
0.139814	1.7419	0	0	0.02	10
0.173789	1.70651	0	0	0.02	10
0.215694	1.68071	0	0	0.02	10
0.262897	1.66616	0	0	0.02	10
0.312431	1.66384	0	0	0.02	10
0.361184	1.67393	0	0	0.02	10
0.406092	1.69585	0	0	0.02	10
0.444335	1.72828	0	0	0.02	10
0.473508	1.76923	0	0	0.02	10
0.491779	1.81617	0	0	0.02	10
0.498	1.8662	0	0	0.02	10
0.49178	1.91623	0	0	0.02	10
0.473509	1.96317	0	0	0.02	10
0.444337	2.00412	0	0	0.02	10
0.406095	2.03654	0	0	0.02	10
0.361187	2.05847	0	0	0.02	10
0.312434	2.06856	0	0	0.02	10
0.2629	2.06624	0	0	0.02	10
0.215697	2.05169	0	0	0.02	10
0.173791	2.02589	0	0	0.02	10
0.139816	1.9905	0	0	0.02	10
0.115905	1.9478	0	0	0.02	10
0.103561	1.90052	0	0	0.02	10
0.103561	1.85168	0	0	0.02	10
0.115904	1.8044	0	0	0.02	10
0.139814	1.7617	0	0	0.02	10
0.173789	1.72631	0	0	0.02	10
0.215694	1.70051	0	0	0.02	10
0.262897	1.68596	0	0	0.02	10
0.312431	1.68364	0	0	0.02	10
0.361184	1.69373	0	0	0.02	10
0.406092	1.71565	0	0	0.02	10
0.444335	1.74808	0	0	0.02	10
0.473508	1.78903	0	0	0.02	10
0.491779	1.83597	0	0	0.02	10
0.498	1.886	0	0	0.02	10
0.49178	1.93603	0	0	0.02	10
0.473509	1.98297	0	0	0.02	10
0.444337	2.02392	0	0	0.02	10
0.406095	2.05634	0	0	0.02	10
0.361187	2.07827	0	0	0.02	10
0.312434	2.08836	0	0	0.02	10
0.2629	2.08604	0	0	0.02	10
0.215697	2.07149	0	0	0.02	10
0.173791	2.04569	0	0	0.02	10
0.139816	2.0103	0	0	0.02	10
0.115905	1.9676	0	0	0.02	10
0.103561	1.92032	0	0	0.02	10
0.103561	1.87148	0	0	0.02	10
0.115904	1.8242	0	0	0.02	10
0.139814	1.7815	0	0	0.02	10
0.173789	1.74611	0	0	0.02	10
0.215694	1.72031	0	0	0.02	10
0.262897	1.70576	0	0	0.02	10
0.312431	1.70344	0	0	0.02	10
0.361184	1.71353	0	0	0.02	10
0.406092	1.73545	0	0	0.02	10
0.444335	1.76788	0	0	0.02	10
0.473508	1.80883	0	0	0.02	10
0.491779	1.85577	0	0	0.02	10
0.498	1.9058	0	0	0.02	10
0.49178	1.95583	0	0	0.02	10
0.473509	2.00277	0	0	0.02	10
0.444337	2.04372	0	0	0.02	10
0.406095	2.07614	0	0	0.02	10
0.361187	2.09807	0	0	0.02	10
0.312434	2.10816	0	0	0.02	10
0.2629	2.10584	0	0	0.02	10
0.215697	2.09129	0	0	0.02	10
0.173791	2.06549	0	0	0.02	10
0.139816	2.0301	0	0	0.02	10
0.115905	1.9874	0	0	0.02	10
0.103561	1.94012	0	0	0.02	10
0.103561	1.89128	0	0	0.02	10
0.115904	1.844	0	0	0.02	10
0.139814	1.8013	0	0	0.02	10
0.173789	1.76591	0	0	0.02	10
0.215694	1.74011	0	0	0.02	10
0.262897	1.72556	0	0	0.02	10
0.312431	1.72324	0	0	0.02	10
0.361184	1.73333	0	0	0.02	10
0.406092	1.75525	0	0	0.02	10
0.444335	1.78768	0	0	0.02	10
0.473508	1.82863	0	0	0.02	10
0.491779	1.87557	0	0	0.02	10
0.498	1.9256	0	0	0.02	10
0.49178	1.97563	0	0	0.02	10
0.473509	2.02257	0	0	0.02	10
0.444337	2.06352	0	0	0.02	10
0.406095	2.09594	0	0	0.02	10
0.361187	2.11787	0	0	0.02	10
0.312434	2.12796	0	0	0.02	10
0.2629	2.12564	0	0	0.02	10
0.215697	2.11109	0	0	0.02	10
0.173791	2.08529	0	0	0.02	10
0.139816	2.0499	0	0	0.02	10
0.115905	2.0072	0	0	0.02	10
0.103561	1.95992	0	0	0.02	10
0.103561	1.91108	0	0	0.02	10
0.115904	1.8638	0	0	0.02	10
0.139814	1.8211	0	0	0.02	10
0.173789	1.78571	0	0	0.02	10
0.215694	1.75991	0	0	0.02	10
0.262897	1.74536	0	0	0.02	10
0.312431	1.74304	0	0	0.02	10
0.361184	1.75313	0	0	0.02	10
0.406092	1.77505	0	0	0.02	10
0.444335	1.80748	0	0	0.02	10
0.473508	1.84843	0	0	0.02	10
0.491779	1.89537	0	0	0.02	10
0.498	1.9454	0	0	0.02	10
0.49178	1.99543	0	0	0.02	10
0.473509	2.04237	0	0	0.02	10
0.444337	2.08332	0	0	0.02	10
0.406095	2.11574	0	0	0.02	10
0.361187	2.13767	0	0	0.02	10
0.312434	2.14776	0	0	0.02	10
0.2629	2.14544	0	0	0.02	10
0.215697	2.13089	0	0	0.02	10
0.173791	2.10509	0	0	0.02	10
0.139816	2.0697	0	0	0.02	10
0.115905	2.027	0	0	0.02	10
0.103561	1.97972	0	0	0.02	10
0.103561	1.93088	0	0	0.02	10
0.115904	1.8836	0	0	0.02	10
0.139814	1.8409	0	0	0.02	10
0.173789	1.80551	0	0	0.02	10
0.215694	1.77971	0	0	0.02	10
0.262897	1.76516	0	0	0.02	10
0.312431	1.76284	0	0	0.02	10
0.361184	1.77293	0	0	0.02	10
0.406092	1.79485	0	0	0.02	10
0.444335	1.82728	0	0	0.02	10
0.473508	1.86823	0	0	0.02	10
0.491779	1.91517	0	0	0.02	10
0.498	1.9652	0	0	0.02	10
0.49178	2.01523	0	0	0.02	10
0.473509	2.06217	0	0	0.02	10
0.444337	2.10312	0	0	0.02	10
0.406095	2.13554	0	0	0.02	10
0.361187	2.15747	0	0	0.02	10
0.312434	2.16756	0	0	0.02	10
0.2629	2.16524	0	0	0.02	10
0.215697	2.15069	0	0	0.02	10
0.173791	2.12489	0	0	0.02	10
0.139816	2.0895	0	0	0.02	10
0.115905	2.0468	0	0	0.02	10
0.103561	1.99952	0	0	0.02	10
0.103561	1.95068	0	0	0.02	10
0.115904	1.9034	0	0	0.02	10
0.139814	1.8607	0	0	0.02	10
0.173789	1.82531	0	0	0.02	10
0.215694	1.79951	0	0	0.02	10
0.262897	1.78496	0	0	0.02	10
0.312431	1.78264	0	0	0.02	10
0.361184	1.79273	0	0	0.02	10
0.406092	1.81465	0	0	0.02	10
0.444335	1.84708	0	0	0.02	10
0.473508	1.88803	0	0	0.02	10
0.491779	1.93497	0	0	0.02	10
0.498	1.985	0	0	0.02	10
0.49178	2.03503	0	0	0.02	10
0.473509	2.08197	0	0	0.02	10
0.444337	2.12292	0	0	0.02	10
0.406095	2.15534	0	0	0.02	10
0.361187	2.17727	0	0	0.02	10
0.312434	2.18736	0	0	0.02	10
0.2629	2.18504	0	0	0.02	10
0.215697	2.17049	0	0	0.02	10
0.173791	2.14469	0	0	0.02	10
0.139816	2.1093	0	0	0.02	10
0.115905	2.0666	0	0	0.02	10
0.103561	2.01932	0	0	0.02	10
0.103561	1.97048	0	0	0.02	10
0.115904	1.9232	0	0	0.02	10
0.139814	1.8805	0	0	0.02	10
0.173789	1.84511	0	0	0.02	10
0.215694	1.81931	0	0	0.02	10
0.262897	1.80476	0	0	0.02	10
0.312431	1.80244	0	0	0.02	10
0.361184	1.81253	0	0	0.02	10
0.406092	1.83445	0	0	0.02	10
0.444335	1.86688	0	0	0.02	10
0.473508	1.90783	0	0	0.02	10
0.491779	1.95477	0	0	0.02	10
0.498	2.0048	0	0	0.02	10
0.49178	2.05483	0	0	0.02	10
0.47351	2.10177	0	0	0.02	10
0.444337	2.14272	0	0	0.02	10
0.406095	2.17514	0	0	0.02	10
0.361187	2.19707	0	0	0.02	10
0.312434	2.20716	0	0	0.02	10
0.2629	2.20484	0	0	0.02	10
0.215697	2.19029	0	0	0.02	10
0.173791	2.16449	0	0	0.02	10
0.139816	2.1291	0	0	0.02	10
0.115905	2.0864	0	0	0.02	10
0.103561	2.03912	0	0	0.02	10
0.103561	1.99028	0	0	0.02	10
0.115904	1.943	0	0	0.02	10
0.139814	1.9003	0	0	0.02	10
0.173789	1.86491	0	0	0.02	10
0.215694	1.83911	0	0	0.02	10
0.262897	1.82456	0	0	0.02	10
0.312431	1.82224	0	0	0.02	10
0.361184	1.83233	0	0	0.02	10
0.406092	1.85425	0	0	0.02	10
0.444335	1.88668	0	0	0.02	10
0.473508	1.92763	0	0	0.02	10
0.491779	1.97457	0	0	0.02	10
0.498	2.0246	0	0	0.02	10
0.49178	2.07463	0	0	0.02	10
0.47351	2.12157	0	0	0.02	10
0.444337	2.16252	0	0	0.02	10
0.406095	2.19494	0	0	0.02	10
0.361187	2.21687	0	0	0.02	10
0.312434	2.22696	0	0	0.02	10
0.2629	2.22464	0	0	0.02	10
0.215697	2.21009	0	0	0.02	10
0.173791	2.18429	0	0	0.02	10
0.139816	2.1489	0	0	0.02	10
0.115905	2.1062	0	0	0.02	10
0.103561	2.05892	0	0	0.02	10
0.103561	2.01008	0	0	0.02	10
0.115904	1.9628	0	0	0.02	10
0.139814	1.9201	0	0	0.02	10
0.173789	1.88471	0	0	0.02	10
0.215694	1.85891	0	0	0.02	10
0.262897	1.84436	0	0	0.02	10
0.312431	1.84204	0	0	0.02	10
0.361184	1.85213	0	0	0.02	10
0.406092	1.87405	0	0	0.02	10
0.444335	1.90648	0	0	0.02	10
0.473508	1.94743	0	0	0.02	10
0.491779	1.99437	0	0	0.02	10
0.498	2.0444	0	0	0.02	10
0.49178	2.09443	0	0	0.02	10
0.47351	2.14137	0	0	0.02	10
0.444337	2.18232	0	0	0.02	10
0.406095	2.21474	0	0	0.02	10
0.361187	2.23667	0	0	0.02	10
0.312434	2.24676	0	0	0.02	10
0.2629	2.24444	0	0	0.02	10
0.215697	2.22989	0	0	0.02	10
0.173791	2.20409	0	0	0.02	10
0.139816	2.1687	0	0	0.02	10
0.115905	2.126	0	0	0.02	10
0.103561	2.07872	0	0	0.02	10
0.103561	2.02988	0	0	0.02	10
0.115904	1.9826	0	0	0.02	10
0.139814	1.9399	0	0	0.02	10
0.173789	1.90451	0	0	0.02	10
0.215694	1.87871	0	0	0.02	10
0.262897	1.86416	0	0	0.02	10
0.312431	1.86184	0	0	0.02	10
0.361184	1.87193	0	0	0.02	10
0.406092	1.89385	0	0	0.02	10
0.444335	1.92628	0	0	0.02	10
0.473508	1.96723	0	0	0.02	10
0.491779	2.01417	0	0	0.02	10
0.498	2.0642	0	0	0.02	10
0.49178	2.11423	0	0	0.02	10
0.47351	2.16117	0	0	0.02	10
0.444337	2.20212	0	0	0.02	10
0.406095	2.23454	0	0	0.02	10
0.361187	2.25647	0	0	0.02	10
0.312434	2.26656	0	0	0.02	10
0.2629	2.26424	0	0	0.02	10
0.215697	2.24969	0	0	0.02	10
0.173791	2.22389	0	0	0.02	10
0.139816	2.1885	0	0	0.02	10
0.115905	2.1458	0	0	0.02	10
0.103562	2.09852	0	0	0.02	10
0.103561	2.04968	0	0	0.02	10
0.115904	2.0024	0	0	0.02	10
0.139814	1.9597	0	0	0.02	10
0.173789	1.92431	0	0	0.02	10
0.215694	1.89851	0	0	0.02	10
0.262897	1.88396	0	0	0.02	10
0.312431	1.88164	0	0	0.02	10
0.361184	1.89173	0	0	0.02	10
0.406092	1.91365	0	0	0.02	10
0.444335	1.94608	0	0	0.02	10
0.473508	1.98703	0	0	0.02	10
0.491779	2.03397	0	0	0.02	10
0.498	2.084	0	0	0.02	10
0.49178	2.13403	0	0	0.02	10
0.47351	2.18097	0	0	0.02	10
0.444337	2.22192	0	0	0.02	10
0.406095	2.25434	0	0	0.02	10
0.361187	2.27627	0	0	0.02	10
0.312434	2.28636	0	0	0.02	10
0.2629	2.28404	0	0	0.02	10
0.215697	2.26949	0	0	0.02	10
0.173791	2.24369	0	0	0.02	10
0.139816	2.2083	0	0	0.02	10
0.115905	2.1656	0	0	0.02	10
0.103562	2.11832	0	0	0.02	10
0.103561	2.06948	0	0	0.02	10
0.115904	2.0222	0	0	0.02	10
0.139814	1.9795	0	0	0.02	10
0.173789	1.94411	0	0	0.02	10
0.215694	1.91831	0	0	0.02	10
0.262897	1.90376	0	0	0.02	10
0.312431	1.90144	0	0	0.02	10
0.361184	1.91153	0	0	0.02	10
0.406092	1.93345	0	0	0.02	10
0.444335	1.96588	0	0	0.02	10
0.473508	2.00683	0	0	0.02	10
0.491779	2.05377	0	0	0.02	10
0.498	2.1038	0	0	0.02	10
0.49178	2.15383	0	0	0.02	10
0.47351	2.20077	0	0	0.02	10
0.444337	2.24172	0	0	0.02	10
0.406095	2.27414	0	0	0.02	10
0.361187	2.29607	0	0	0.02	10
0.312434	2.30616	0	0	0.02	10
0.2629	2.30384	0	0	0.02	10
0.215697	2.28929	0	0	0.02	10
0.173791	2.26349	0	0	0.02	10
0.139816	2.2281	0	0	0.02	10
0.115905	2.1854	0	0	0.02	10
0.103562	2.13812	0	0	0.02	10
0.103561	2.08928	0	0	0.02	10
0.115904	2.042	0	0	0.02	10
0.139814	1.9993	0	0	0.02	10
0.173789	1.96391	0	0	0.02	10
0.215694	1.93811	0	0	0.02	10
0.262897	1.92356	0	0	0.02	10
0.312431	1.92124	0	0	0.02	10
0.361184	1.93133	0	0	0.02	10
0.406092	1.95325	0	0	0.02	10
0.444335	1.98568	0	0	0.02	10
0.473508	2.02663	0	0	0.02	10
0.491779	2.07357	0	0	0.02	10
0.498	2.1236	0	0	0.02	10
0.49178	2.17363	0	0	0.02	10
0.47351	2.22057	0	0	0.02	10
0.444337	2.26152	0	0	0.02	10
0.406095	2.29394	0	0	0.02	10
0.361187	2.31587	0	0	0.02	10
0.312434	2.32596	0	0	0.02	10
0.2629	2.32364	0	0	0.02	10
0.215697	2.30909	0	0	0.02	10
0.173791	2.28329	0	0	0.02	10
0.139816	2.2479	0	0	0.02	10
0.115905	2.2052	0	0	0.02	10
0.103562	2.15792	0	0	0.02	10
0.103561	2.10908	0	0	0.02	10
0.115904	2.0618	0	0	0.02	10
0.139814	2.0191	0	0	0.02	10
0.173789	1.98371	0	0	0.02	10
0.215694	1.95791	0	0	0.02	10
0.262897	1.94336	0	0	0.02	10
0.312431	1.94104	0	0	0.02	10
0.361184	1.95113	0	0	0.02	10
0.406092	1.97305	0	0	0.02	10
0.444335	2.00548	0	0	0.02	10
0.473508	2.04643	0	0	0.02	10
0.491779	2.09337	0	0	0.02	10
0.498	2.1434	0	0	0.02	10
0.49178	2.19343	0	0	0.02	10
0.47351	2.24037	0	0	0.02	10
0.444337	2.28132	0	0	0.02	10
0.406095	2.31374	0	0	0.02	10
0.361187	2.33567	0	0	0.02	10
0.312434	2.34576	0	0	0.02	10
0.2629	2.34344	0	0	0.02	10
0.215697	2.32889	0	0	0.02	10
0.173791	2.30309	0	0	0.02	10
0.139816	2.2677	0	0	0.02	10
0.115905	2.225	0	0	0.02	10
0.103562	2.17772	0	0	0.02	10
0.103561	2.12888	0	0	0.02	10
0.115904	2.0816	0	0	0.02	10
0.139814	2.0389	0	0	0.02	10
0.173789	2.00351	0	0	0.02	10
0.215694	1.97771	0	0	0.02	10
0.262897	1.96316	0	0	0.02	10
0.312431	1.96084	0	0	0.02	10
0.361184	1.97093	0	0	0.02	10
0.406092	1.99285	0	0	0.02	10
0.444335	2.02528	0	0	0.02	10
0.473508	2.06623	0	0	0.02	10
0.491779	2.11317	0	0	0.02	10
0.498	2.1632	0	0	0.02	10
0.49178	2.21323	0	0	0.02	10
0.47351	2.26017	0	0	0.02	10
0.444337	2.30112	0	0	0.02	10
0.406095	2.33354	0	0	0.02	10
0.361187	2.35547	0	0	0.02	10
0.312434	2.36556	0	0	0.02	10
0.2629	2.36324	0	0	0.02	10
0.215697	2.34869	0	0	0.02	10
0.173791	2.32289	0	0	0.02	10
0.139816	2.2875	0	0	0.02	10
0.115905	2.2448	0	0	0.02	10
0.103562	2.19752	0	0	0.02	10
0.103561	2.14868	0	0	0.02	10
0.115904	2.1014	0	0	0.02	10
0.139814	2.0587	0	0	0.02	10
0.173789	2.02331	0	0	0.02	10
0.215694	1.99751	0	0	0.02	10
0.262897	1.98296	0	0	0.02	10
0.312431	1.98064	0	0	0.02	10
0.361184	1.99073	0	0	0.02	10
0.406092	2.01265	0	0	0.02	10
0.444335	2.04508	0	0	0.02	10
0.473508	2.08603	0	0	0.02	10
0.491779	2.13297	0	0	0.02	10
0.498	2.183	0	0	0.02	10
0.49178	2.23303	0	0	0.02	10
0.47351	2.27997	0	0	0.02	10
0.444337	2.32092	0	0	0.02	10
0.406095	2.35334	0	0	0.02	10
0.361187	2.37527	0	0	0.02	10
0.312434	2.38536	0	0	0.02	10
0.2629	2.38304	0	0	0.02	10
0.215697	2.36849	0	0	0.02	10
0.173791	2.34269	0	0	0.02	10
0.139816	2.3073	0	0	0.02	10
0.115905	2.2646	0	0	0.02	10
0.103562	2.21732	0	0	0.02	10
0.103561	2.16848	0	0	0.02	10
0.115904	2.1212	0	0	0.02	10
0.139814	2.0785	0	0	0.02	10
0.173789	2.04311	0	0	0.02	10
0.215694	2.01731	0	0	0.02	10
0.262897	2.00276	0	0	0.02	10
0.312431	2.00044	0	0	0.02	10
0.361184	2.01053	0	0	0.02	10
0.406092	2.03245	0	0	0.02	10
0.444335	2.06488	0	0	0.02	10
0.473508	2.10583	0	0	0.02	10
0.491779	2.15277	0	0	0.02	10
0.498	2.2028	0	0	0.02	10
0.49178	2.25283	0	0	0.02	10
0.47351	2.29977	0	0	0.02	10
0.444337	2.34071	0	0	0.02	10
0.406095	2.37314	0	0	0.02	10
0.361187	2.39507	0	0	0.02	10
0.312434	2.40516	0	0	0.02	10
0.2629	2.40284	0	0	0.02	10
0.215697	2.38829	0	0	0.02	10
0.173791	2.36249	0	0	0.02	10
0.139816	2.3271	0	0	0.02	10
0.115905	2.2844	0	0	0.02	10
0.103562	2.23712	0	0	0.02	10
0.103561	2.18828	0	0	0.02	10
0.115904	2.141	0	0	0.02	10
0.139814	2.0983	0	0	0.02	10
0.173789	2.06291	0	0	0.02	10
0.215694	2.03711	0	0	0.02	10
0.262897	2.02256	0	0	0.02	10
0.312431	2.02024	0	0	0.02	10
0.361184	2.03033	0	0	0.02	10
0.406092	2.05225	0	0	0.02	10
0.444335	2.08468	0	0	0.02	10
0.473508	2.12563	0	0	0.02	10
0.491779	2.17257	0	0	0.02	10
0.498	2.2226	0	0	0.02	10
0.49178	2.27263	0	0	0.02	10
0.47351	2.31957	0	0	0.02	10
0.444337	2.36051	0	0	0.02	10
0.406095	2.39294	0	0	0.02	10
0.361187	2.41487	0	0	0.02	10
0.312434	2.42496	0	0	0.02	10
0.2629	2.42264	0	0	0.02	10
0.215697	2.40809	0	0	0.02	10
0.173791	2.38229	0	0	0.02	10
0.139816	2.3469	0	0	0.02	10
0.115905	2.3042	0	0	0.02	10
0.103562	2.25692	0	0	0.02	10
0.103561	2.20808	0	0	0.02	10
0.115904	2.1608	0	0	0.02	10
0.139814	2.1181	0	0	0.02	10
0.173789	2.08271	0	0	0.02	10
0.215694	2.05691	0	0	0.02	10
0.262897	2.04236	0	0	0.02	10
0.312431	2.04004	0	0	0.02	10
0.361184	2.05013	0	0	0.02	10
0.406092	2.07205	0	0	0.02	10
0.444335	2.10448	0	0	0.02	10
0.473508	2.14543	0	0	0.02	10
0.491779	2.19237	0	0	0.02	10
0.498	2.2424	0	0	0.02	10
0.49178	2.29243	0	0	0.02	10
0.47351	2.33937	0	0	0.02	10
0.444337	2.38031	0	0	0.02	10
0.406095	2.41274	0	0	0.02	10
0.361187	2.43467	0	0	0.02	10
0.312434	2.44476	0	0	0.02	10
0.2629	2.44244	0	0	0.02	10
0.215697	2.42789	0	0	0.02	10
0.173791	2.40209	0	0	0.02	10
0.139816	2.3667	0	0	0.02	10
0.115905	2.324	0	0	0.02	10
0.103562	2.27672	0	0	0.02	10
0.103561	2.22788	0	0	0.02	10
0.115904	2.1806	0	0	0.02	10
0.139814	2.1379	0	0	0.02	10
0.173789	2.10251	0	0	0.02	10
0.215694	2.07671	0	0	0.02	10
0.262897	2.06216	0	0	0.02	10
0.312431	2.05984	0	0	0.02	10
0.361184	2.06993	0	0	0.02	10
0.406092	2.09185	0	0	0.02	10
0.444334	2.12428	0	0	0.02	10
0.473508	2.16523	0	0	0.02	10
0.491779	2.21217	0	0	0.02	10
0.498	2.2622	0	0	0.02	10
0.49178	2.31223	0	0	0.02	10
0.47351	2.35917	0	0	0.02	10
0.444337	2.40011	0	0	0.02	10
0.406095	2.43254	0	0	0.02	10
0.361187	2.45447	0	0	0.02	10
0.312434	2.46456	0	0	0.02	10
0.2629	2.46224	0	0	0.02	10
0.215697	2.44769	0	0	0.02	10
0.173792	2.42189	0	0	0.02	10
0.139816	2.3865	0	0	0.02	10
0.115905	2.3438	0	0	0.02	10
0.103562	2.29652	0	0	0.02	10
0.103561	2.24768	0	0	0.02	10
0.115904	2.2004	0	0	0.02	10
0.139814	2.1577	0	0	0.02	10
0.173789	2.12231	0	0	0.02	10
0.215694	2.09651	0	0	0.02	10
0.262897	2.08196	0	0	0.02	10
0.312431	2.07964	0	0	0.02	10
0.361184	2.08973	0	0	0.02	10
0.406092	2.11165	0	0	0.02	10
0.444334	2.14408	0	0	0.02	10
0.473508	2.18503	0	0	0.02	10
0.491779	2.23197	0	0	0.02	10
0.498	2.282	0	0	0.02	10
0.49178	2.33203	0	0	0.02	10
0.47351	2.37897	0	0	0.02	10
0.444337	2.41991	0	0	0.02	10
0.406095	2.45234	0	0	0.02	10
0.361187	2.47427	0	0	0.02	10
0.312434	2.48436	0	0	0.02	10
0.2629	2.48204	0	0	0.02	10
0.215697	2.46749	0	0	0.02	10
0.173792	2.44169	0	0	0.02	10
0.139816	2.4063	0	0	0.02	10
0.115905	2.3636	0	0	0.02	10
0.103562	2.31632	0	0	0.02	10
0.103561	2.26748	0	0	0.02	10
0.115904	2.2202	0	0	0.02	10
0.139814	2.1775	0	0	0.02	10
0.173789	2.14211	0	0	0.02	10
0.215694	2.11631	0	0	0.02	10
0.262897	2.10176	0	0	0.02	10
0.312431	2.09944	0	0	0.02	10
0.361184	2.10953	0	0	0.02	10
0.406092	2.13145	0	0	0.02	10
0.444334	2.16388	0	0	0.02	10
0.473508	2.20483	0	0	0.02	10
0.491779	2.25177	0	0	0.02	10
0.498	2.3018	0	0	0.02	10
0.49178	2.35183	0	0	0.02	10
0.47351	2.39877	0	0	0.02	10
0.444337	2.43971	0	0	0.02	10
0.406095	2.47214	0	0	0.02	10
0.361187	2.49407	0	0	0.02	10
0.312434	2.50416	0	0	0.02	10
0.2629	2.50184	0	0	0.02	10
0.215697	2.48729	0	0	0.02	10
0.173792	2.46149	0	0	0.02	10
0.139816	2.4261	0	0	0.02	10
0.115905	2.3834	0	0	0.02	10
0.103562	2.33612	0	0	0.02	10
0.103561	2.28728	0	0	0.02	10
0.115904	2.24	0	0	0.02	10
0.139813	2.1973	0	0	0.02	10
0.173789	2.16191	0	0	0.02	10
0.215694	2.13611	0	0	0.02	10
0.262897	2.12156	0	0	0.02	10
0.312431	2.11924	0	0	0.02	10
0.361184	2.12933	0	0	0.02	10
0.406092	2.15125	0	0	0.02	10
0.444334	2.18368	0	0	0.02	10
0.473508	2.22463	0	0	0.02	10
0.491779	2.27157	0	0	0.02	10
0.498	2.3216	0	0	0.02	10
0.49178	2.37163	0	0	0.02	10
0.47351	2.41857	0	0	0.02	10
0.444337	2.45951	0	0	0.02	10
0.406095	2.49194	0	0	0.02	10
0.361187	2.51387	0	0	0.02	10
0.312434	2.52396	0	0	0.02	10
0.2629	2.52164	0	0	0.02	10
0.215697	2.50709	0	0	0.02	10
0.173792	2.48129	0	0	0.02	10
0.139816	2.4459	0	0	0.02	10
0.115905	2.4032	0	0	0.02	10
0.103562	2.35592	0	0	0.02	10
0.103561	2.30708	0	0	0.02	10
0.115904	2.2598	0	0	0.02	10
0.139813	2.2171	0	0	0.02	10
0.173789	2.18171	0	0	0.02	10
0.215694	2.15591	0	0	0.02	10
0.262897	2.14136	0	0	0.02	10
0.312431	2.13904	0	0	0.02	10
0.361183	2.14913	0	0	0.02	10
0.406092	2.17105	0	0	0.02	10
0.444334	2.20348	0	0	0.02	10
0.473508	2.24443	0	0	0.02	10
0.491779	2.29137	0	0	0.02	10
0.498	2.3414	0	0	0.02	10
0.49178	2.39143	0	0	0.02	10
0.47351	2.43837	0	0	0.02	10
0.444337	2.47931	0	0	0.02	10
0.406095	2.51174	0	0	0.02	10
0.361187	2.53367	0	0	0.02	10
0.312434	2.54376	0	0	0.02	10
0.2629	2.54144	0	0	0.02	10
0.215697	2.52689	0	0	0.02	10
0.173792	2.50109	0	0	0.02	10
0.139816	2.4657	0	0	0.02	10
0.115905	2.423	0	0	0.02	10
0.103562	2.37572	0	0	0.02	10
0.103561	2.32688	0	0	0.02	10
0.115904	2.2796	0	0	0.02	10
0.139813	2.2369	0	0	0.02	10
0.173789	2.20151	0	0	0.02	10
0.215694	2.17571	0	0	0.02	10
0.262897	2.16116	0	0	0.02	10
0.312431	2.15884	0	0	0.02	10
0.361183	2.16893	0	0	0.02	10
0.406092	2.19085	0	0	0.02	10
0.444334	2.22328	0	0	0.02	10
0.473508	2.26423	0	0	0.02	10
0.491779	2.31117	0	0	0.02	10
0.498	2.3612	0	0	0.02	10
0.49178	2.41123	0	0	0.02	10
0.47351	2.45817	0	0	0.02	10
0.444337	2.49911	0	0	0.02	10
0.406095	2.53154	0	0	0.02	10
0.361187	2.55347	0	0	0.02	10
0.312435	2.56356	0	0	0.02	10
0.2629	2.56124	0	0	0.02	10
0.215698	2.54669	0	0	0.02	10
0.173792	2.52089	0	0	0.02	10
0.139816	2.4855	0	0	0.02	10
0.115905	2.4428	0	0	0.02	10
0.103562	2.39552	0	0	0.02	10
0.103561	2.34668	0	0	0.02	10
0.115904	2.2994	0	0	0.02	10
0.139813	2.2567	0	0	0.02	10
0.173789	2.22131	0	0	0.02	10
0.215694	2.19551	0	0	0.02	10
0.262897	2.18096	0	0	0.02	10
0.312431	2.17864	0	0	0.02	10
0.361183	2.18873	0	0	0.02	10
0.406092	2.21065	0	0	0.02	10
0.444334	2.24308	0	0	0.02	10
0.473508	2.28403	0	0	0.02	10
0.491779	2.33097	0	0	0.02	10
0.498	2.381	0	0	0.02	10
0.49178	2.43103	0	0	0.02	10
0.47351	2.47797	0	0	0.02	10
0.444337	2.51891	0	0	0.02	10
0.406095	2.55134	0	0	0.02	10
0.361187	2.57327	0	0	0.02	10
0.312435	2.58336	0	0	0.02	10
0.2629	2.58104	0	0	0.02	10
0.215698	2.56649	0	0	0.02	10
0.173792	2.54069	0	0	0.02	10
0.139816	2.5053	0	0	0.02	10
0.115905	2.4626	0	0	0.02	10
0.103562	2.41532	0	0	0.02	10
0.103561	2.36648	0	0	0.02	10
0.115904	2.3192	0	0	0.02	10
0.139813	2.2765	0	0	0.02	10
0.173788	2.24111	0	0	0.02	10
0.215694	2.21531	0	0	0.02	10
0.262897	2.20076	0	0	0.02	10
0.31243	2.19844	0	0	0.02	10
0.361183	2.20853	0	0	0.02	10
0.406092	2.23045	0	0	0.02	10
0.444334	2.26288	0	0	0.02	10
0.473508	2.30383	0	0	0.02	10
0.491779	2.35077	0	0	0.02	10
0.498	2.4008	0	0	0.02	10
0.49178	2.45083	0	0	0.02	10
0.47351	2.49777	0	0	0.02	10
0.444337	2.53871	0	0	0.02	10
0.406095	2.57114	0	0	0.02	10
0.361187	2.59307	0	0	0.02	10
0.312435	2.60316	0	0	0.02	10
0.262901	2.60084	0	0	0.02	10
0.215698	2.58629	0	0	0.02	10
0.173792	2.56049	0	0	0.02	10
0.139816	2.5251	0	0	0.02	10
0.115905	2.4824	0	0	0.02	10
0.103562	2.43512	0	0	0.02	10
0.103561	2.38628	0	0	0.02	10
0.115904	2.339	0	0	0.02	10
0.139813	2.2963	0	0	0.02	10
0.173788	2.26091	0	0	0.02	10
0.215694	2.23511	0	0	0.02	10
0.262896	2.22056	0	0	0.02	10
0.31243	2.21824	0	0	0.02	10
0.361183	2.22833	0	0	0.02	10
0.406092	2.25025	0	0	0.02	10
0.444334	2.28268	0	0	0.02	10
0.473508	2.32363	0	0	0.02	10
0.491779	2.37057	0	0	0.02	10
0.498	2.4206	0	0	0.02	10
0.49178	2.47063	0	0	0.02	10
0.47351	2.51757	0	0	0.02	10
0.444337	2.55851	0	0	0.02	10
0.406095	2.59094	0	0	0.02	10
0.361187	2.61287	0	0	0.02	10
0.312435	2.62296	0	0	0.02	10
0.262901	2.62064	0	0	0.02	10
0.215698	2.60609	0	0	0.02	10
0.173792	2.58029	0	0	0.02	10
0.139816	2.5449	0	0	0.02	10
0.115905	2.5022	0	0	0.02	10
0.103562	2.45492	0	0	0.02	10
0.103561	2.40608	0	0	0.02	10
0.115903	2.3588	0	0	0.02	10
0.139813	2.3161	0	0	0.02	10
0.173788	2.28071	0	0	0.02	10
0.215694	2.25491	0	0	0.02	10
0.262896	2.24036	0	0	0.02	10
0.31243	2.23804	0	0	0.02	10
0.361183	2.24813	0	0	0.02	10
0.406092	2.27005	0	0	0.02	10
0.444334	2.30248	0	0	0.02	10
0.473508	2.34343	0	0	0.02	10
0.491779	2.39037	0	0	0.02	10
0.498	2.4404	0	0	0.02	10
0.49178	2.49043	0	0	0.02	10
0.47351	2.53737	0	0	0.02	10
0.444337	2.57831	0	0	0.02	10
0.406095	2.61074	0	0	0.02	10
0.361187	2.63267	0	0	0.02	10
0.312435	2.64276	0	0	0.02	10
0.262901	2.64044	0	0	0.02	10
0.215698	2.62589	0	0	0.02	10
0.173792	2.60009	0	0	0.02	10
0.139816	2.5647	0	0	0.02	10
0.115905	2.522	0	0	0.02	10
0.103562	2.47472	0	0	0.02	10
0.103561	2.42588	0	0	0.02	10
0.115903	2.3786	0	0	0.02	10
0.139813	2.3359	0	0	0.02	10
0.173788	2.30051	0	0	0.02	10
0.215694	2.27471	0	0	0.02	10
0.262896	2.26016	0	0	0.02	10
0.31243	2.25784	0	0	0.02	10
0.361183	2.26793	0	0	0.02	10
0.406092	2.28985	0	0	0.02	10
0.444334	2.32228	0	0	0.02	10
0.473508	2.36323	0	0	0.02	10
0.491779	2.41017	0	0	0.02	10
0.498	2.4602	0	0	0.02	10
0.49178	2.51023	0	0	0.02	10
0.47351	2.55717	0	0	0.02	10
0.444337	2.59811	0	0	0.02	10
0.406095	2.63054	0	0	0.02	10
0.361187	2.65247	0	0	0.02	10
0.312435	2.66256	0	0	0.02	10
0.262901	2.66024	0	0	0.02	10
0.215698	2.64569	0	0	0.02	10
0.173792	2.61989	0	0	0.02	10
0.139816	2.5845	0	0	0.02	10
0.115905	2.5418	0	0	0.02	10
0.103562	2.49452	0	0	0.02	10
0.103561	2.44568	0	0	0.02	10
0.115903	2.3984	0	0	0.02	10
0.139813	2.3557	0	0	0.02	10
0.173788	2.32031	0	0	0.02	10
0.215694	2.29451	0	0	0.02	10
0.262896	2.27996	0	0	0.02	10
0.31243	2.27764	0	0	0.02	10
0.361183	2.28773	0	0	0.02	10
0.406092	2.30965	0	0	0.02	10
0.444334	2.34208	0	0	0.02	10
0.473508	2.38303	0	0	0.02	10
0.491779	2.42997	0	0	0.02	10
0.498	2.48	0	0	0.02	10
0.49178	2.53003	0	0	0.02	10
0.47351	2.57697	0	0	0.02	10
0.444337	2.61791	0	0	0.02	10
0.406096	2.65034	0	0	0.02	10
0.361187	2.67227	0	0	0.02	10
0.312435	2.68236	0	0	0.02	10
0.262901	2.68004	0	0	0.02	10
0.215698	2.66549	0	0	0.02	10
0.173792	2.63969	0	0	0.02	10
0.139816	2.6043	0	0	0.02	10
0.115905	2.5616	0	0	0.02	10
0.103562	2.51432	0	0	0.02	10
0.103561	2.46548	0	0	0.02	10
0.115903	2.4182	0	0	0.02	10
0.139813	2.3755	0	0	0.02	10
0.173788	2.34011	0	0	0.02	10
0.215694	2.31431	0	0	0.02	10
0.262896	2.29976	0	0	0.02	10
0.31243	2.29744	0	0	0.02	10
0.361183	2.30753	0	0	0.02	10
0.406092	2.32945	0	0	0.02	10
0.444334	2.36188	0	0	0.02	10
0.473508	2.40283	0	0	0.02	10
0.491779	2.44977	0	0	0.02	10
0.498	2.4998	0	0	0.02	10
0.49178	2.54983	0	0	0.02	10
0.47351	2.59677	0	0	0.02	10
0.444337	2.63771	0	0	0.02	10
0.406096	2.67014	0	0	0.02	10
0.361187	2.69207	0	0	0.02	10
0.312435	2.70216	0	0	0.02	10
0.262901	2.69984	0	0	0.02	10
0.215698	2.68529	0	0	0.02	10
0.173792	2.65949	0	0	0.02	10
0.139816	2.6241	0	0	0.02	10
0.115905	2.5814	0	0	0.02	10
0.103562	2.53412	0	0	0.02	10
0.103561	2.48528	0	0	0.02	10
0.115903	2.438	0	0	0.02	10
0.139813	2.3953	0	0	0.02	10
0.173788	2.35991	0	0	0.02	10
0.215694	2.33411	0	0	0.02	10
0.262896	2.31956	0	0	0.02	10
0.31243	2.31724	0	0	0.02	10
0.361183	2.32733	0	0	0.02	10
0.406092	2.34925	0	0	0.02	10
0.444334	2.38168	0	0	0.02	10
0.473508	2.42263	0	0	0.02	10
0.491779	2.46957	0	0	0.02	10
0.498	2.5196	0	0	0.02	10
0.49178	2.56963	0	0	0.02	10
0.47351	2.61657	0	0	0.02	10
0.444337	2.65751	0	0	0.02	10
0.406096	2.68994	0	0	0.02	10
0.361187	2.71187	0	0	0.02	10
0.312435	2.72196	0	0	0.02	10
0.262901	2.71964	0	0	0.02	10
0.215698	2.70509	0	0	0.02	10
0.173792	2.67929	0	0	0.02	10
0.139816	2.6439	0	0	0.02	10
0.115905	2.6012	0	0	0.02	10
0.103562	2.55392	0	0	0.02	10
0.103561	2.50508	0	0	0.02	10
0.115903	2.4578	0	0	0.02	10
0.139813	2.4151	0	0	0.02	10
0.173788	2.37971	0	0	0.02	10
0.215694	2.35391	0	0	0.02	10
0.262896	2.33936	0	0	0.02	10
0.31243	2.33704	0	0	0.02	10
0.361183	2.34713	0	0	0.02	10
0.406092	2.36905	0	0	0.02	10
0.444334	2.40148	0	0	0.02	10
0.473508	2.44243	0	0	0.02	10
0.491779	2.48937	0	0	0.02	10
0.498	2.5394	0	0	0.02	10
0.49178	2.58943	0	0	0.02	10
0.47351	2.63637	0	0	0.02	10
0.444337	2.67731	0	0	0.02	10
0.406096	2.70974	0	0	0.02	10
0.361187	2.73167	0	0	0.02	10
0.312435	2.74176	0	0	0.02	10
0.262901	2.73944	0	0	0.02	10
0.215698	2.72489	0	0	0.02	10
0.173792	2.69909	0	0	0.02	10
0.139816	2.6637	0	0	0.02	10
0.115905	2.621	0	0	0.02	10
0.103562	2.57372	0	0	0.02	10
0.103561	2.52488	0	0	0.02	10
0.115903	2.4776	0	0	0.02	10
0.139813	2.4349	0	0	0.02	10
0.173788	2.39951	0	0	0.02	10
0.215694	2.37371	0	0	0.02	10
0.262896	2.35916	0	0	0.02	10
0.31243	2.35684	0	0	0.02	10
0.361183	2.36693	0	0	0.02	10
0.406092	2.38885	0	0	0.02	10
0.444334	2.42128	0	0	0.02	10
0.473508	2.46223	0	0	0.02	10
0.491779	2.50917	0	0	0.02	10
0.498	2.5592	0	0	0.02	10
0.49178	2.60923	0	0	0.02	10
0.47351	2.65617	0	0	0.02	10
0.444337	2.69711	0	0	0.02	10
0.406096	2.72954	0	0	0.02	10
0.361187	2.75147	0	0	0.02	10
0.312435	2.76156	0	0	0.02	10
0.262901	2.75924	0	0	0.02	10
0.215698	2.74469	0	0	0.02	10
0.173792	2.71889	0	0	0.02	10
0.139816	2.6835	0	0	0.02	10
0.115905	2.6408	0	0	0.02	10
0.103562	2.59352	0	0	0.02	10
0.103561	2.54468	0	0	0.02	10
0.115903	2.4974	0	0	0.02	10
0.139813	2.4547	0	0	0.02	10
0.173788	2.41931	0	0	0.02	10
0.215694	2.39351	0	0	0.02	10
0.262896	2.37896	0	0	0.02	10
0.31243	2.37664	0	0	0.02	10
0.361183	2.38673	0	0	0.02	10
0.406092	2.40865	0	0	0.02	10
0.444334	2.44108	0	0	0.02	10
0.473508	2.48203	0	0	0.02	10
0.491779	2.52897	0	0	0.02	10
0.498	2.579	0	0	0.02	10
0.49178	2.62903	0	0	0.02	10
0.47351	2.67597	0	0	0.02	10
0.444337	2.71691	0	0	0.02	10
0.406096	2.74934	0	0	0.02	10
0.361187	2.77127	0	0	0.02	10
0.312435	2.78136	0	0	0.02	10
0.262901	2.77904	0	0	0.02	10
0.215698	2.76449	0	0	0.02	10
0.173792	2.73869	0	0	0.02	10
0.139816	2.7033	0	0	0.02	10
0.115905	2.6606	0	0	0.02	10
0.103562	2.61332	0	0	0.02	10
0.103561	2.56448	0	0	0.02	10
0.115903	2.5172	0	0	0.02	10
0.139813	2.4745	0	0	0.02	10
0.173788	2.43911	0	0	0.02	10
0.215694	2.41331	0	0	0.02	10
0.262896	2.39876	0	0	0.02	10
0.31243	2.39644	0	0	0.02	10
0.361183	2.40653	0	0	0.02	10
0.406092	2.42845	0	0	0.02	10
0.444334	2.46088	0	0	0.02	10
0.473508	2.50183	0	0	0.02	10
0.491779	2.54877	0	0	0.02	10
0.498	2.5988	0	0	0.02	10
0.49178	2.64883	0	0	0.02	10
0.47351	2.69577	0	0	0.02	10
0.444337	2.73671	0	0	0.02	10
0.406096	2.76914	0	0	0.02	10
0.361188	2.79107	0	0	0.02	10
0.312435	2.80116	0	0	0.02	10
0.262901	2.79884	0	0	0.02	10
0.215698	2.78429	0	0	0.02	10
0.173792	2.75849	0	0	0.02	10
0.139816	2.7231	0	0	0.02	10
0.115905	2.6804	0	0	0.02	10
0.103562	2.63312	0	0	0.02	10
0.103561	2.58428	0	0	0.02	10
0.115903	2.537	0	0	0.02	10
0.139813	2.4943	0	0	0.02	10
0.173788	2.45891	0	0	0.02	10
0.215694	2.43311	0	0	0.02	10
0.262896	2.41856	0	0	0.02	10
0.31243	2.41624	0	0	0.02	10
0.361183	2.42633	0	0	0.02	10
0.406092	2.44825	0	0	0.02	10
0.444334	2.48068	0	0	0.02	10
0.473508	2.52163	0	0	0.02	10
0.491779	2.56857	0	0	0.02	10
0.498	2.6186	0	0	0.02	10
0.49178	2.66863	0	0	0.02	10
0.47351	2.71557	0	0	0.02	10
0.444337	2.75651	0	0	0.02	10
0.406096	2.78894	0	0	0.02	10
0.361188	2.81087	0	0	0.02	10
0.312435	2.82096	0	0	0.02	10
0.262901	2.81864	0	0	0.02	10
0.215698	2.80409	0	0	0.02	10
0.173792	2.77829	0	0	0.02	10
0.139816	2.7429	0	0	0.02	10
0.115905	2.7002	0	0	0.02	10
0.103562	2.65292	0	0	0.02	10
0.103561	2.60408	0	0	0.02	10
0.115903	2.5568	0	0	0.02	10
0.139813	2.5141	0	0	0.02	10
0.173788	2.47871	0	0	0.02	10
0.215694	2.45291	0	0	0.02	10
0.262896	2.43836	0	0	0.02	10
0.31243	2.43604	0	0	0.02	10
0.361183	2.44613	0	0	0.02	10
0.406092	2.46805	0	0	0.02	10
0.444334	2.50048	0	0	0.02	10
0.473508	2.54143	0	0	0.02	10
0.491779	2.58837	0	0	0.02	10
0.498	2.6384	0	0	0.02	10
0.49178	2.68843	0	0	0.02	10
0.47351	2.73537	0	0	0.02	10
0.444337	2.77631	0	0	0.02	10
0.406096	2.80874	0	0	0.02	10
0.361188	2.83067	0	0	0.02	10
0.312435	2.84076	0	0	0.02	10
0.262901	2.83844	0	0	0.02	10
0.215698	2.82389	0	0	0.02	10
0.173792	2.79809	0	0	0.02	10
0.139816	2.7627	0	0	0.02	10
0.115905	2.72	0	0	0.02	10
0.103562	2.67272	0	0	0.02	10
0.103561	2.62388	0	0	0.02	10
0.115903	2.5766	0	0	0.02	10
0.139813	2.5339	0	0	0.02	10
0.173788	2.49851	0	0	0.02	10
0.215694	2.47271	0	0	0.02	10
0.262896	2.45816	0	0	0.02	10
0.31243	2.45584	0	0	0.02	10
0.361183	2.46593	0	0	0.02	10
0.406092	2.48785	0	0	0.02	10
0.444334	2.52028	0	0	0.02	10
0.473508	2.56123	0	0	0.02	10
0.491779	2.60817	0	0	0.02	10
0.498	2.6582	0	0	0.02	10
0.49178	2.70823	0	0	0.02	10
0.47351	2.75517	0	0	0.02	10
0.444337	2.79611	0	0	0.02	10
0.406096	2.82854	0	0	0.02	10
0.361188	2.85047	0	0	0.02	10
0.312435	2.86056	0	0	0.02	10
0.262901	2.85824	0	0	0.02	10
0.215698	2.84369	0	0	0.02	10
0.173792	2.81789	0	0	0.02	10
0.139816	2.7825	0	0	0.02	10
0.115905	2.7398	0	0	0.02	10
0.103562	2.69252	0	0	0.02	10
0.103561	2.64368	0	0	0.02	10
0.115903	2.5964	0	0	0.02	10
0.139813	2.5537	0	0	0.02	10
0.173788	2.51831	0	0	0.02	10
0.215694	2.49251	0	0	0.02	10
0.262896	2.47796	0	0	0.02	10
0.31243	2.47564	0	0	0.02	10
0.361183	2.48573	0	0	0.02	10
0.406092	2.50765	0	0	0.02	10
0.444334	2.54008	0	0	0.02	10
0.473508	2.58103	0	0	0.02	10
0.491779	2.62797	0	0	0.02	10
0.498	2.678	0	0	0.02	10
0.49178	2.72803	0	0	0.02	10
0.47351	2.77497	0	0	0.02	10
0.444337	2.81591	0	0	0.02	10
0.406096	2.84834	0	0	0.02	10
0.361188	2.87027	0	0	0.02	10
0.312435	2.88036	0	0	0.02	10
0.262901	2.87804	0	0	0.02	10
0.215698	2.86349	0	0	0.02	10
0.173792	2.83769	0	0	0.02	10
0.139816	2.8023	0	0	0.02	10
0.115905	2.7596	0	0	0.02	10
0.103562	2.71232	0	0	0.02	10
0.103561	2.66348	0	0	0.02	10
0.115903	2.6162	0	0	0.02	10
0.139813	2.5735	0	0	0.02	10
0.173788	2.53811	0	0	0.02	10
0.215694	2.51231	0	0	0.02	10
0.262896	2.49776	0	0	0.02	10
0.31243	2.49544	0	0	0.02	10
0.361183	2.50553	0	0	0.02	10
0.406092	2.52745	0	0	0.02	10
0.444334	2.55988	0	0	0.02	10
0.473508	2.60083	0	0	0.02	10
0.491779	2.64777	0	0	0.02	10
0.498	2.6978	0	0	0.02	10
0.49178	2.74783	0	0	0.02	10
0.47351	2.79477	0	0	0.02	10
0.444337	2.83571	0	0	0.02	10
0.406096	2.86814	0	0	0.02	10
0.361188	2.89007	0	0	0.02	10
0.312435	2.90016	0	0	0.02	10
0.262901	2.89784	0	0	0.02	10
0.215698	2.88329	0	0	0.02	10
0.173792	2.85749	0	0	0.02	10
0.139816	2.8221	0	0	0.02	10
0.115905	2.7794	0	0	0.02	10
0.103562	2.73212	0	0	0.02	10
0.103561	2.68328	0	0	0.02	10
0.115903	2.636	0	0	0.02	10
0.139813	2.5933	0	0	0.02	10
0.173788	2.55791	0	0	0.02	10
0.215694	2.53211	0	0	0.02	10
0.262896	2.51756	0	0	0.02	10
0.31243	2.51524	0	0	0.02	10
0.361183	2.52533	0	0	0.02	10
0.406092	2.54725	0	0	0.02	10
0.444334	2.57968	0	0	0.02	10
0.473508	2.62063	0	0	0.02	10
0.491779	2.66757	0	0	0.02	10
0.498	2.7176	0	0	0.02	10
0.49178	2.76763	0	0	0.02	10
0.47351	2.81457	0	0	0.02	10
0.444337	2.85551	0	0	0.02	10
0.406096	2.88794	0	0	0.02	10
0.361188	2.90987	0	0	0.02	10
0.312435	2.91996	0	0	0.02	10
0.262901	2.91764	0	0	0.02	10
0.215698	2.90309	0	0	0.02	10
0.173792	2.87729	0	0	0.02	10
0.139816	2.8419	0	0	0.02	10
0.115905	2.7992	0	0	0.02	10
0.103562	2.75192	0	0	0.02	10
0.103561	2.70308	0	0	0.02	10
0.115903	2.6558	0	0	0.02	10
0.139813	2.6131	0	0	0.02	10
0.173788	2.57771	0	0	0.02	10
0.215694	2.55191	0	0	0.02	10
0.262896	2.53736	0	0	0.02	10
0.31243	2.53504	0	0	0.02	10
0.361183	2.54513	0	0	0.02	10
0.406092	2.56705	0	0	0.02	10
0.444334	2.59948	0	0	0.02	10
0.473508	2.64043	0	0	0.02	10
0.491779	2.68737	0	0	0.02	10
0.498	2.7374	0	0	0.02	10
0.49178	2.78743	0	0	0.02	10
0.47351	2.83437	0	0	0.02	10
0.444337	2.87531	0	0	0.02	10
0.406096	2.90774	0	0	0.02	10
0.361188	2.92967	0	0	0.02	10
0.312435	2.93976	0	0	0.02	10
0.262901	2.93744	0	0	0.02	10
0.215698	2.92289	0	0	0.02	10
0.173792	2.89709	0	0	0.02	10
0.139816	2.8617	0	0	0.02	10
0.115905	2.819	0	0	0.02	10
0.103562	2.77172	0	0	0.02	10
0.103561	2.72288	0	0	0.02	10
0.115903	2.6756	0	0	0.02	10
0.139813	2.6329	0	0	0.02	10
0.173788	2.59751	0	0	0.02	10
0.215694	2.57171	0	0	0.02	10
0.262896	2.55716	0	0	0.02	10
0.31243	2.55484	0	0	0.02	10
0.361183	2.56493	0	0	0.02	10
0.406092	2.58685	0	0	0.02	10
0.444334	2.61928	0	0	0.02	10
0.473508	2.66023	0	0	0.02	10
0.491779	2.70717	0	0	0.02	10
0.498	2.7572	0	0	0.02	10
0.49178	2.80723	0	0	0.02	10
0.47351	2.85417	0	0	0.02	10
0.444337	2.89511	0	0	0.02	10
0.406096	2.92754	0	0	0.02	10
0.361188	2.94947	0	0	0.02	10
0.312435	2.95956	0	0	0.02	10
0.262901	2.95724	0	0	0.02	10
0.215698	2.94269	0	0	0.02	10
0.173792	2.91689	0	0	0.02	10
0.139816	2.8815	0	0	0.02	10
0.115905	2.8388	0	0	0.02	10
0.103562	2.79152	0	0	0.02	10
0.103561	2.74268	0	0	0.02	10
0.115903	2.6954	0	0	0.02	10
0.139813	2.6527	0	0	0.02	10
0.173788	2.61731	0	0	0.02	10
0.215693	2.59151	0	0	0.02	10
0.262896	2.57696	0	0	0.02	10
0.31243	2.57464	0	0	0.02	10
0.361183	2.58473	0	0	0.02	10
0.406092	2.60665	0	0	0.02	10
0.444334	2.63908	0	0	0.02	10
0.473508	2.68003	0	0	0.02	10
0.491779	2.72697	0	0	0.02	10
0.498	2.777	0	0	0.02	10
0.49178	2.82703	0	0	0.02	10
0.47351	2.87397	0	0	0.02	10
0.444337	2.91491	0	0	0.02	10
0.406096	2.94734	0	0	0.02	10
0.361188	2.96927	0	0	0.02	10
0.312435	2.97936	0	0	0.02	10
0.262901	2.97704	0	0	0.02	10
0.215698	2.96249	0	0	0.02	10
0.173792	2.93669	0	0	0.02	10
0.139816	2.9013	0	0	0.02	10
0.115905	2.8586	0	0	0.02	10
0.103562	2.81132	0	0	0.02	10
0.103561	2.76248	0	0	0.02	10
0.115903	2.7152	0	0	0.02	10
0.139813	2.6725	0	0	0.02	10
0.173788	2.63711	0	0	0.02	10
0.215693	2.61131	0	0	0.02	10
0.262896	2.59676	0	0	0.02	10
0.31243	2.59444	0	0	0.02	10
0.361183	2.60453	0	0	0.02	10
0.406092	2.62645	0	0	0.02	10
0.444334	2.65888	0	0	0.02	10
0.473508	2.69983	0	0	0.02	10
0.491779	2.74677	0	0	0.02	10
0.498	2.7968	0	0	0.02	10
0.49178	2.84683	0	0	0.02	10
0.47351	2.89377	0	0	0.02	10
0.444337	2.93471	0	0	0.02	10
0.406096	2.96714	0	0	0.02	10
0.361188	2.98907	0	0	0.02	10
0.312435	2.99916	0	0	0.02	10
0.262901	2.99684	0	0	0.02	10
0.215698	2.98229	0	0	0.02	10
0.173792	2.95649	0	0	0.02	10
0.139816	2.9211	0	0	0.02	10
0.115905	2.8784	0	0	0.02	10
0.103562	2.83112	0	0	0.02	10
0.103561	2.78228	0	0	0.02	10
0.115903	2.735	0	0	0.02	10
0.139813	2.6923	0	0	0.02	10
0.173788	2.65691	0	0	0.02	10
0.215693	2.63111	0	0	0.02	10
0.262896	2.61656	0	0	0.02	10
0.31243	2.61424	0	0	0.02	10
0.361183	2.62433	0	0	0.02	10
0.406092	2.64625	0	0	0.02	10
0.444334	2.67868	0	0	0.02	10
0.473508	2.71963	0	0	0.02	10
0.491779	2.76656	0	0	0.02	10
0.498	2.8166	0	0	0.02	10
0.49178	2.86663	0	0	0.02	10
0.47351	2.91357	0	0	0.02	10
0.444337	2.95451	0	0	0.02	10
0.406096	2.98694	0	0	0.02	10
0.361188	3.00887	0	0	0.02	10
0.312435	3.01896	0	0	0.02	10
0.262901	3.01664	0	0	0.02	10
0.215698	3.00209	0	0	0.02	10
0.173792	2.97629	0	0	0.02	10
0.139816	2.9409	0	0	0.02	10
0.115905	2.8982	0	0	0.02	10
0.103562	2.85092	0	0	0.02	10
0.103561	2.80208	0	0	0.02	10
0.115903	2.7548	0	0	0.02	10
0.139813	2.7121	0	0	0.02	10
0.173788	2.67671	0	0	0.02	10
0.215693	2.65091	0	0	0.02	10
0.262896	2.63636	0	0	0.02	10
0.31243	2.63404	0	0	0.02	10
0.361183	2.64413	0	0	0.02	10
0.406092	2.66605	0	0	0.02	10
0.444334	2.69848	0	0	0.02	10
0.473508	2.73943	0	0	0.02	10
0.491779	2.78636	0	0	0.02	10
0.498	2.8364	0	0	0.02	10
0.49178	2.88643	0	0	0.02	10
0.47351	2.93337	0	0	0.02	10
0.444338	2.97431	0	0	0.02	10
0.406096	3.00674	0	0	0.02	10
0.361188	3.02867	0	0	0.02	10
0.312435	3.03876	0	0	0.02	10
0.262901	3.03644	0	0	0.02	10
0.215698	3.02189	0	0	0.02	10
0.173792	2.99609	0	0	0.02	10
0.139816	2.9607	0	0	0.02	10
0.115905	2.918	0	0	0.02	10
0.103562	2.87072	0	0	0.02	10
0.103561	2.82188	0	0	0.02	10
0.115903	2.7746	0	0	0.02	10
0.139813	2.7319	0	0	0.02	10
0.173788	2.69651	0	0	0.02	10
0.215693	2.67071	0	0	0.02	10
0.262896	2.65616	0	0	0.02	10
0.31243	2.65384	0	0	0.02	10
0.361183	2.66393	0	0	0.02	10
0.406092	2.68585	0	0	0.02	10
0.444334	2.71828	0	0	0.02	10
0.473508	2.75923	0	0	0.02	10
0.491779	2.80616	0	0	0.02	10
0.498	2.8562	0	0	0.02	10
0.49178	2.90623	0	0	0.02	10
0.47351	2.95317	0	0	0.02	10
0.444338	2.99411	0	0	0.02	10
0.406096	3.02654	0	0	0.02	10
0.361188	3.04847	0	0	0.02	10
0.312435	3.05856	0	0	0.02	10
0.262901	3.05624	0	0	0.02	10
0.215698	3.04169	0	0	0.02	10
0.173792	3.01589	0	0	0.02	10
0.139816	2.9805	0	0	0.02	10
0.115905	2.9378	0	0	0.02	10
0.103562	2.89052	0	0	0.02	10
0.103561	2.84168	0	0	0.02	10
0.115903	2.7944	0	0	0.02	10
0.139813	2.7517	0	0	0.02	10
0.173788	2.71631	0	0	0.02	10
0.215693	2.69051	0	0	0.02	10
0.262896	2.67596	0	0	0.02	10
0.31243	2.67364	0	0	0.02	10
0.361183	2.68373	0	0	0.02	10
0.406092	2.70565	0	0	0.02	10
0.444334	2.73808	0	0	0.02	10
0.473507	2.77903	0	0	0.02	10
0.491779	2.82596	0	0	0.02	10
0.498	2.876	0	0	0.02	10
0.49178	2.92603	0	0	0.02	10
0.47351	2.97297	0	0	0.02	10
0.444338	3.01391	0	0	0.02	10
0.406096	3.04634	0	0	0.02	10
0.361188	3.06827	0	0	0.02	10
0.312435	3.07836	0	0	0.02	10
0.262901	3.07604	0	0	0.02	10
0.215698	3.06149	0	0	0.02	10
0.173792	3.03569	0	0	0.02	10
0.139816	3.0003	0	0	0.02	10
0.115905	2.9576	0	0	0.02	10
0.103562	2.91032	0	0	0.02	10
0.103561	2.86148	0	0	0.02	10
0.115903	2.8142	0	0	0.02	10
0.139813	2.7715	0	0	0.02	10
0.173788	2.73611	0	0	0.02	10
0.215693	2.71031	0	0	0.02	10
0.262896	2.69576	0	0	0.02	10
0.31243	2.69344	0	0	0.02	10
0.361183	2.70353	0	0	0.02	10
0.406092	2.72545	0	0	0.02	10
0.444334	2.75788	0	0	0.02	10
0.473507	2.79883	0	0	0.02	10
0.491779	2.84576	0	0	0.02	10
0.498	2.8958	0	0	0.02	10
0.49178	2.94583	0	0	0.02	10
0.47351	2.99277	0	0	0.02	10
0.444338	3.03371	0	0	0.02	10
0.406096	3.06614	0	0	0.02	10
0.361188	3.08807	0	0	0.02	10
0.312435	3.09816	0	0	0.02	10
0.262901	3.09584	0	0	0.02	10
0.215698	3.08129	0	0	0.02	10
0.173792	3.05549	0	0	0.02	10
0.139816	3.0201	0	0	0.02	10
0.115905	2.9774	0	0	0.02	10
0.103562	2.93012	0	0	0.02	10
0.103561	2.88128	0	0	0.02	10
0.115903	2.834	0	0	0.02	10
0.139813	2.7913	0	0	0.02	10
0.173788	2.75591	0	0	0.02	10
0.215693	2.73011	0	0	0.02	10
0.262896	2.71556	0	0	0.02	10
0.31243	2.71324	0	0	0.02	10
0.361183	2.72333	0	0	0.02	10
0.406092	2.74525	0	0	0.02	10
0.444334	2.77768	0	0	0.02	10
0.473507	2.81863	0	0	0.02	10
0.491779	2.86556	0	0	0.02	10
0.498	2.9156	0	0	0.02	10
0.49178	2.96563	0	0	0.02	10
0.47351	3.01257	0	0	0.02	10
0.444338	3.05351	0	0	0.02	10
0.406096	3.08594	0	0	0.02	10
0.361188	3.10787	0	0	0.02	10
0.312435	3.11796	0	0	0.02	10
0.262901	3.11564	0	0	0.02	10
0.215698	3.10109	0	0	0.02	10
0.173792	3.07529	0	0	0.02	10
0.139816	3.0399	0	0	0.02	10
0.115905	2.9972	0	0	0.02	10
0.103562	2.94992	0	0	0.02	10
0.103561	2.90108	0	0	0.02	10
0.115903	2.8538	0	0	0.02	10
0.139813	2.8111	0	0	0.02	10
0.173788	2.77571	0	0	0.02	10
0.215693	2.74991	0	0	0.02	10
0.262896	2.73536	0	0	0.02	10
0.31243	2.73304	0	0	0.02	10
0.361183	2.74313	0	0	0.02	10
0.406092	2.76505	0	0	0.02	10
0.444334	2.79748	0	0	0.02	10
0.473507	2.83843	0	0	0.02	10
0.491779	2.88536	0	0	0.02	10
0.498	2.9354	0	0	0.02	10
0.49178	2.98543	0	0	0.02	10
0.47351	3.03237	0	0	0.02	10
0.444338	3.07331	0	0	0.02	10
0.406096	3.10574	0	0	0.02	10
0.361188	3.12767	0	0	0.02	10
0.312435	3.13776	0	0	0.02	10
0.262901	3.13544	0	0	0.02	10
0.215698	3.12089	0	0	0.02	10
0.173792	3.09509	0	0	0.02	10
0.139816	3.0597	0	0	0.02	10
0.115905	3.017	0	0	0.02	10
0.103562	2.96972	0	0	0.02	10
0.103561	2.92088	0	0	0.02	10
0.115903	2.8736	0	0	0.02	10
0.139813	2.8309	0	0	0.02	10
0.173788	2.79551	0	0	0.02	10
0.215693	2.76971	0	0	0.02	10
0.262896	2.75516	0	0	0.02	10
0.31243	2.75284	0	0	0.02	10
0.361183	2.76293	0	0	0.02	10
0.406091	2.78485	0	0	0.02	10
0.444334	2.81728	0	0	0.02	10
0.473507	2.85823	0	0	0.02	10
0.491779	2.90516	0	0	0.02	10
0.498	2.9552	0	0	0.02	10
0.49178	3.00523	0	0	0.02	10
0.47351	3.05217	0	0	0.02	10
0.444338	3.09311	0	0	0.02	10
0.406096	3.12554	0	0	0.02	10
0.361188	3.14747	0	0	0.02	10
0.312435	3.15756	0	0	0.02	10
0.262901	3.15524	0	0	0.02	10
0.215698	3.14069	0	0	0.02	10
0.173792	3.11489	0	0	0.02	10
0.139816	3.0795	0	0	0.02	10
0.115905	3.0368	0	0	0.02	10
0.103562	2.98952	0	0	0.02	10
0.103561	2.94068	0	0	0.02	10
0.115903	2.8934	0	0	0.02	10
0.139813	2.8507	0	0	0.02	10
0.173788	2.81531	0	0	0.02	10
0.215693	2.78951	0	0	0.02	10
0.262896	2.77496	0	0	0.02	10
0.31243	2.77264	0	0	0.02	10
0.361183	2.78273	0	0	0.02	10
0.406091	2.80465	0	0	0.02	10
0.444334	2.83708	0	0	0.02	10
0.473507	2.87803	0	0	0.02	10
0.491779	2.92496	0	0	0.02	10
0.498	2.975	0	0	0.02	10
0.49178	3.02503	0	0	0.02	10
0.47351	3.07197	0	0	0.02	10
0.444338	3.11291	0	0	0.02	10
0.406096	3.14534	0	0	0.02	10
0.361188	3.16727	0	0	0.02	10
0.312435	3.17736	0	0	0.02	10
0.262901	3.17504	0	0	0.02	10
0.215698	3.16049	0	0	0.02	10
0.173792	3.13469	0	0	0.02	10
0.139816	3.0993	0	0	0.02	10
0.115905	3.0566	0	0	0.02	10
0.103562	3.00932	0	0	0.02	10
0.103561	2.96048	0	0	0.02	10
0.115903	2.9132	0	0	0.02	10
0.139813	2.8705	0	0	0.02	10
0.173788	2.83511	0	0	0.02	10
0.215693	2.80931	0	0	0.02	10
0.262896	2.79476	0	0	0.02	10
0.31243	2.79244	0	0	0.02	10
0.361183	2.80253	0	0	0.02	10
0.406091	2.82445	0	0	0.02	10
0.444334	2.85688	0	0	0.02	10
0.473507	2.89783	0	0	0.02	10
0.491779	2.94476	0	0	0.02	10
0.498	2.9948	0	0	0.02	10
0.49178	3.04483	0	0	0.02	10
0.47351	3.09177	0	0	0.02	10
0.444338	3.13271	0	0	0.02	10
0.406096	3.16514	0	0	0.02	10
0.361188	3.18707	0	0	0.02	10
0.312435	3.19716	0	0	0.02	10
0.262901	3.19484	0	0	0.02	10
0.215698	3.18029	0	0	0.02	10
0.173792	3.15449	0	0	0.02	10
0.139816	3.1191	0	0	0.02	10
0.115905	3.0764	0	0	0.02	10
0.103562	3.02912	0	0	0.02	10
0.103561	2.98028	0	0	0.02	10
0.115903	2.933	0	0	0.02	10
0.139813	2.8903	0	0	0.02	10
0.173788	2.85491	0	0	0.02	10
0.215693	2.82911	0	0	0.02	10
0.262896	2.81456	0	0	0.02	10
0.31243	2.81224	0	0	0.02	10
0.361183	2.82233	0	0	0.02	10
0.406091	2.84425	0	0	0.02	10
0.444334	2.87668	0	0	0.02	10
0.473507	2.91763	0	0	0.02	10
0.491779	2.96456	0	0	0.02	10
0.498	3.0146	0	0	0.02	10
0.49178	3.06463	0	0	0.02	10
0.47351	3.11157	0	0	0.02	10
0.444338	3.15251	0	0	0.02	10
0.406096	3.18494	0	0	0.02	10
0.361188	3.20687	0	0	0.02	10
0.312435	3.21696	0	0	0.02	10
0.262901	3.21464	0	0	0.02	10
0.215698	3.20009	0	0	0.02	10
0.173792	3.17429	0	0	0.02	10
0.139816	3.1389	0	0	0.02	10
0.115905	3.0962	0	0	0.02	10
0.103562	3.04892	0	0	0.02	10
0.103561	3.00008	0	0	0.02	10
0.115903	2.9528	0	0	0.02	10
0.139813	2.9101	0	0	0.02	10
0.173788	2.87471	0	0	0.02	10
0.215693	2.84891	0	0	0.02	10
0.262896	2.83436	0	0	0.02	10
0.31243	2.83204	0	0	0.02	10
0.361183	2.84213	0	0	0.02	10
0.406091	2.86405	0	0	0.02	10
0.444334	2.89648	0	0	0.02	10
0.473507	2.93743	0	0	0.02	10
0.491779	2.98436	0	0	0.02	10
